1.344272333242479966e+01
1.353093896564293352e+01
2.552032200465452760e+00
1.344272333242479966e+01
1.334571138109690658e+01
1.346379292475069933e+00
1.353093896564293352e+01
7.053221368280455650e+00
1.344272333242479966e+01
1.344272333242479966e+01
7.603129418447295285e-01
4.016174878627813527e+00
1.334571138109690658e+01
1.742477265530413266e+00
1.334571138109690658e+01
1.344272333242479966e+01
1.344272333242479966e+01
1.334571138109690658e+01
1.353093896564293352e+01
1.344272333242479966e+01
1.344272333242479966e+01
1.324147529504411835e+01
1.334571138109690658e+01
1.334571138109690658e+01
1.344272333242479966e+01
1.353093896564293352e+01
1.334571138109690658e+01
1.334571138109690658e+01
1.334571138109690658e+01
1.334571138109690658e+01
1.353093896564293352e+01
1.353093896564293352e+01
1.353093896564293352e+01
7.603129418447295285e-01
1.344272333242479966e+01
1.334571138109690658e+01
1.334571138109690658e+01
1.344272333242479966e+01
1.344272333242479966e+01
1.344272333242479966e+01
1.344272333242479966e+01
1.344272333242479966e+01
1.334571138109690658e+01
1.353093896564293352e+01
1.344272333242479966e+01
1.344272333242479966e+01
1.344272333242479966e+01
1.353093896564293352e+01
1.087846849000770888e+01
1.334571138109690658e+01
1.344272333242479966e+01
1.353093896564293352e+01
8.512247293356107747e+00
1.344272333242479966e+01
1.353093896564293352e+01
1.312903021058260578e+01
1.334571138109690658e+01
1.344272333242479966e+01
1.334571138109690658e+01
1.334571138109690658e+01
1.334571138109690658e+01
1.334571138109690658e+01
1.344272333242479966e+01
1.353093896564293352e+01
1.324147529504411835e+01
1.334571138109690658e+01
1.334571138109690658e+01
1.334571138109690658e+01
5.525588176112431249e+00
1.353093896564293352e+01
1.353093896564293352e+01
1.344272333242479966e+01
1.353093896564293352e+01
1.344272333242479966e+01
1.353093896564293352e+01
1.324147529504411835e+01
1.346379292475069933e+00
1.344272333242479966e+01
1.344272333242479966e+01
1.334571138109690658e+01
1.353093896564293352e+01
1.344272333242479966e+01
1.324147529504411835e+01
1.344272333242479966e+01
1.334571138109690658e+01
1.344272333242479966e+01
1.344272333242479966e+01
1.334571138109690658e+01
1.334571138109690658e+01
1.353093896564293352e+01
1.353093896564293352e+01
1.344272333242479966e+01
1.344272333242479966e+01
7.867816667948594578e+00
1.344272333242479966e+01
1.344272333242479966e+01
1.334571138109690658e+01
1.353093896564293352e+01
1.344272333242479966e+01
1.344272333242479966e+01
1.344272333242479966e+01
1.353093896564293352e+01
1.312903021058260578e+01
1.344272333242479966e+01
1.344272333242479966e+01
1.344272333242479966e+01
1.344272333242479966e+01
1.334571138109690658e+01
1.334571138109690658e+01
1.344272333242479966e+01
1.353093896564293352e+01
1.344272333242479966e+01
1.344272333242479966e+01
1.353093896564293352e+01
1.353093896564293352e+01
1.353093896564293352e+01
1.353093896564293352e+01
1.344272333242479966e+01
1.353093896564293352e+01
1.334571138109690658e+01
1.334571138109690658e+01
1.344272333242479966e+01
1.353093896564293352e+01
1.344272333242479966e+01
1.334571138109690658e+01
1.344272333242479966e+01
1.353093896564293352e+01
1.334571138109690658e+01
9.959979358987244069e+00
1.353093896564293352e+01
1.344272333242479966e+01
1.344272333242479966e+01
1.344272333242479966e+01
1.353093896564293352e+01
1.334571138109690658e+01
1.334571138109690658e+01
1.344272333242479966e+01
1.353093896564293352e+01
1.334571138109690658e+01
1.334571138109690658e+01
1.344272333242479966e+01
1.334571138109690658e+01
1.344272333242479966e+01
1.353093896564293352e+01
1.344272333242479966e+01
1.334571138109690658e+01
1.353093896564293352e+01
1.353093896564293352e+01
1.353093896564293352e+01
1.344272333242479966e+01
1.344272333242479966e+01
1.344272333242479966e+01
1.344272333242479966e+01
1.344272333242479966e+01
1.344272333242479966e+01
1.334571138109690658e+01
1.344272333242479966e+01
1.324147529504411835e+01
1.344272333242479966e+01
1.344272333242479966e+01
1.344272333242479966e+01
3.780486270218244016e-01
1.334571138109690658e+01
1.344272333242479966e+01
1.344272333242479966e+01
1.344272333242479966e+01
1.344272333242479966e+01
1.334571138109690658e+01
1.344272333242479966e+01
1.324147529504411835e+01
7.603129418447295285e-01
1.344272333242479966e+01
1.334571138109690658e+01
1.344272333242479966e+01
1.334571138109690658e+01
1.344272333242479966e+01
1.149632811042508473e+00
1.353093896564293352e+01
1.344272333242479966e+01
1.334571138109690658e+01
1.353093896564293352e+01
1.334571138109690658e+01
1.344272333242479966e+01
1.344272333242479966e+01
1.312903021058260578e+01
1.344272333242479966e+01
1.300962954334284483e+01
1.334571138109690658e+01
1.334571138109690658e+01
1.344272333242479966e+01
1.344272333242479966e+01
1.334571138109690658e+01
1.334571138109690658e+01
1.344272333242479966e+01
1.334571138109690658e+01
1.353093896564293352e+01
1.334571138109690658e+01
1.334571138109690658e+01
1.334571138109690658e+01
1.353093896564293352e+01
1.344272333242479966e+01
1.344272333242479966e+01
1.353093896564293352e+01
1.334571138109690658e+01
1.353093896564293352e+01
1.334571138109690658e+01
1.344272333242479966e+01
1.334571138109690658e+01
1.334571138109690658e+01
1.353093896564293352e+01
1.344272333242479966e+01
1.344272333242479966e+01
1.344272333242479966e+01
7.603129418447295285e-01
1.334571138109690658e+01
3.780486270218244016e-01
1.312903021058260578e+01
1.344272333242479966e+01
1.344272333242479966e+01
1.324147529504411835e+01
1.344272333242479966e+01
1.334571138109690658e+01
1.344272333242479966e+01
1.344272333242479966e+01
1.344272333242479966e+01
1.344272333242479966e+01
1.334571138109690658e+01
1.344272333242479966e+01
1.334571138109690658e+01
1.344272333242479966e+01
1.334571138109690658e+01
1.300962954334284483e+01
1.344272333242479966e+01
1.344272333242479966e+01
1.344272333242479966e+01
1.334571138109690658e+01
1.353093896564293352e+01
1.353093896564293352e+01
1.344272333242479966e+01
1.312903021058260578e+01
1.344272333242479966e+01
1.344272333242479966e+01
1.324147529504411835e+01
1.344272333242479966e+01
1.334571138109690658e+01
1.334571138109690658e+01
1.312903021058260578e+01
1.344272333242479966e+01
1.334571138109690658e+01
1.344272333242479966e+01
1.344272333242479966e+01
1.334571138109690658e+01
1.334571138109690658e+01
1.334571138109690658e+01
1.742477265530413266e+00
1.344272333242479966e+01
1.344272333242479966e+01
1.344272333242479966e+01
1.334571138109690658e+01
7.603129418447295285e-01
1.344272333242479966e+01
1.334571138109690658e+01
1.334571138109690658e+01
1.344272333242479966e+01
1.344272333242479966e+01
1.344272333242479966e+01
1.344272333242479966e+01
1.344272333242479966e+01
1.312903021058260578e+01
2.145428128854474092e+00
1.353093896564293352e+01
1.324147529504411835e+01
1.353093896564293352e+01
1.353093896564293352e+01
1.334571138109690658e+01
1.344272333242479966e+01
1.312903021058260578e+01
1.344272333242479966e+01
1.353093896564293352e+01
1.344272333242479966e+01
1.334571138109690658e+01
1.344272333242479966e+01
1.344272333242479966e+01
1.334571138109690658e+01
1.334571138109690658e+01
1.344272333242479966e+01
1.344272333242479966e+01
1.334571138109690658e+01
1.344272333242479966e+01
1.344272333242479966e+01
1.344272333242479966e+01
1.344272333242479966e+01
1.344272333242479966e+01
1.334571138109690658e+01
1.344272333242479966e+01
1.344272333242479966e+01
1.324147529504411835e+01
1.324147529504411835e+01
1.344272333242479966e+01
1.344272333242479966e+01
1.334571138109690658e+01
1.334571138109690658e+01
1.344272333242479966e+01
1.334571138109690658e+01
1.324147529504411835e+01
1.344272333242479966e+01
1.344272333242479966e+01
1.334571138109690658e+01
1.334571138109690658e+01
1.334571138109690658e+01
1.344272333242479966e+01
7.706588622122904297e+00
1.344272333242479966e+01
9.143432117789044966e+00
1.344272333242479966e+01
5.307789322654199893e+00
5.090505857140125379e+00
1.344272333242479966e+01
1.334571138109690658e+01
1.344272333242479966e+01
1.344272333242479966e+01
1.353093896564293352e+01
1.353093896564293352e+01
1.344272333242479966e+01
1.344272333242479966e+01
1.353093896564293352e+01
1.344272333242479966e+01
1.334571138109690658e+01
1.344272333242479966e+01
7.706588622122904297e+00
1.344272333242479966e+01
8.298528437682785253e+00
1.353093896564293352e+01
1.353093896564293352e+01
0.000000000000000000e+00
3.382957727865591568e+00
1.353093896564293352e+01
1.344272333242479966e+01
1.344272333242479966e+01
1.344272333242479966e+01
1.334571138109690658e+01
1.344272333242479966e+01
1.344272333242479966e+01
1.344272333242479966e+01
1.344272333242479966e+01
1.344272333242479966e+01
1.324147529504411835e+01
1.324147529504411835e+01
1.324147529504411835e+01
1.324147529504411835e+01
1.344272333242479966e+01
1.334571138109690658e+01
1.334571138109690658e+01
1.344272333242479966e+01
1.334571138109690658e+01
1.312903021058260578e+01
1.353093896564293352e+01
1.353093896564293352e+01
1.324147529504411835e+01
1.334571138109690658e+01
1.344272333242479966e+01
1.334571138109690658e+01
1.360935697559721014e+01
1.334571138109690658e+01
1.353093896564293352e+01
1.353093896564293352e+01
1.353093896564293352e+01
1.334571138109690658e+01
1.344272333242479966e+01
1.344272333242479966e+01
1.353093896564293352e+01
1.334571138109690658e+01
1.344272333242479966e+01
1.334571138109690658e+01
1.344272333242479966e+01
1.334571138109690658e+01
1.353093896564293352e+01
1.334571138109690658e+01
1.334571138109690658e+01
1.324147529504411835e+01
1.353093896564293352e+01
1.344272333242479966e+01
1.334571138109690658e+01
1.334571138109690658e+01
1.334571138109690658e+01
1.334571138109690658e+01
1.344272333242479966e+01
1.344272333242479966e+01
1.344272333242479966e+01
1.334571138109690658e+01
1.344272333242479966e+01
1.334571138109690658e+01
1.344272333242479966e+01
7.053221368280455650e+00
1.344272333242479966e+01
1.344272333242479966e+01
1.344272333242479966e+01
1.344272333242479966e+01
1.334571138109690658e+01
1.344272333242479966e+01
1.344272333242479966e+01
