1.742477265530413266e+00
1.353093896564293352e+01
2.145428128854474092e+00
1.344272333242479966e+01
1.334571138109690658e+01
9.542738816263689472e-01
1.353093896564293352e+01
5.960727696659457564e+00
1.344272333242479966e+01
1.344272333242479966e+01
3.780486270218244016e-01
3.591944694172120478e+00
6.834584403366349648e+00
1.543005987496380405e+00
1.334571138109690658e+01
1.344272333242479966e+01
1.344272333242479966e+01
1.334571138109690658e+01
1.353093896564293352e+01
1.344272333242479966e+01
1.344272333242479966e+01
1.334571138109690658e+01
1.334571138109690658e+01
1.344272333242479966e+01
1.353093896564293352e+01
1.334571138109690658e+01
1.334571138109690658e+01
1.334571138109690658e+01
1.334571138109690658e+01
1.353093896564293352e+01
1.353093896564293352e+01
1.353093896564293352e+01
1.344272333242479966e+01
1.334571138109690658e+01
1.334571138109690658e+01
1.344272333242479966e+01
1.344272333242479966e+01
1.344272333242479966e+01
1.344272333242479966e+01
1.344272333242479966e+01
1.334571138109690658e+01
1.353093896564293352e+01
1.344272333242479966e+01
1.344272333242479966e+01
1.344272333242479966e+01
1.344272333242479966e+01
0.000000000000000000e+00
1.334571138109690658e+01
9.351027211080676693e+00
1.353093896564293352e+01
7.053221368280455650e+00
1.344272333242479966e+01
1.353093896564293352e+01
1.312903021058260578e+01
1.334571138109690658e+01
3.780486270218244016e-01
1.334571138109690658e+01
1.334571138109690658e+01
1.334571138109690658e+01
7.271521450825830790e+00
4.657814588511398846e+00
1.353093896564293352e+01
1.324147529504411835e+01
1.334571138109690658e+01
1.334571138109690658e+01
1.334571138109690658e+01
5.307789322654199893e+00
1.353093896564293352e+01
1.353093896564293352e+01
1.344272333242479966e+01
1.353093896564293352e+01
5.677583974432981462e-01
1.353093896564293352e+01
8.298528437682785253e+00
1.149632811042508473e+00
1.344272333242479966e+01
1.344272333242479966e+01
1.334571138109690658e+01
1.353093896564293352e+01
1.344272333242479966e+01
1.324147529504411835e+01
1.344272333242479966e+01
1.334571138109690658e+01
1.344272333242479966e+01
1.344272333242479966e+01
1.334571138109690658e+01
9.556680468766106884e+00
1.353093896564293352e+01
1.353093896564293352e+01
1.344272333242479966e+01
1.344272333242479966e+01
7.706588622122904297e+00
1.344272333242479966e+01
5.677583974432981462e-01
1.334571138109690658e+01
1.353093896564293352e+01
1.344272333242479966e+01
1.344272333242479966e+01
1.353093896564293352e+01
1.312903021058260578e+01
1.344272333242479966e+01
1.344272333242479966e+01
1.344272333242479966e+01
1.344272333242479966e+01
1.334571138109690658e+01
2.757979541314079963e+00
1.344272333242479966e+01
1.353093896564293352e+01
1.344272333242479966e+01
1.344272333242479966e+01
1.353093896564293352e+01
1.353093896564293352e+01
1.353093896564293352e+01
1.353093896564293352e+01
8.934061513640735086e+00
1.334571138109690658e+01
1.344272333242479966e+01
1.353093896564293352e+01
1.344272333242479966e+01
1.334571138109690658e+01
6.834584403366349648e+00
1.353093896564293352e+01
1.334571138109690658e+01
9.556680468766106884e+00
1.344272333242479966e+01
1.344272333242479966e+01
1.344272333242479966e+01
1.344272333242479966e+01
5.960727696659457564e+00
1.334571138109690658e+01
1.334571138109690658e+01
1.344272333242479966e+01
1.353093896564293352e+01
1.883139553158899304e-01
1.334571138109690658e+01
1.344272333242479966e+01
1.334571138109690658e+01
1.344272333242479966e+01
1.353093896564293352e+01
1.344272333242479966e+01
1.334571138109690658e+01
1.353093896564293352e+01
1.353093896564293352e+01
1.353093896564293352e+01
1.344272333242479966e+01
1.344272333242479966e+01
7.706588622122904297e+00
8.083668192569247068e+00
1.344272333242479966e+01
1.344272333242479966e+01
1.334571138109690658e+01
1.344272333242479966e+01
1.742477265530413266e+00
1.344272333242479966e+01
7.053221368280455650e+00
1.883139553158899304e-01
1.883139553158899304e-01
1.344272333242479966e+01
1.344272333242479966e+01
1.344272333242479966e+01
8.512247293356107747e+00
1.334571138109690658e+01
2.965140518104166123e+00
1.344272333242479966e+01
1.334571138109690658e+01
1.344272333242479966e+01
1.334571138109690658e+01
1.344272333242479966e+01
5.677583974432981462e-01
1.334571138109690658e+01
1.344272333242479966e+01
1.334571138109690658e+01
1.353093896564293352e+01
2.552032200465452760e+00
1.334571138109690658e+01
1.344272333242479966e+01
8.298528437682785253e+00
1.344272333242479966e+01
5.742171535450145470e+00
5.742171535450145470e+00
1.334571138109690658e+01
1.344272333242479966e+01
1.344272333242479966e+01
1.334571138109690658e+01
1.334571138109690658e+01
1.344272333242479966e+01
1.334571138109690658e+01
1.353093896564293352e+01
1.334571138109690658e+01
7.271521450825830790e+00
1.353093896564293352e+01
1.344272333242479966e+01
1.344272333242479966e+01
1.353093896564293352e+01
1.334571138109690658e+01
1.353093896564293352e+01
8.512247293356107747e+00
1.344272333242479966e+01
1.334571138109690658e+01
1.334571138109690658e+01
1.353093896564293352e+01
1.344272333242479966e+01
1.344272333242479966e+01
1.344272333242479966e+01
1.334571138109690658e+01
1.883139553158899304e-01
5.525588176112431249e+00
1.344272333242479966e+01
1.344272333242479966e+01
1.324147529504411835e+01
1.344272333242479966e+01
2.145428128854474092e+00
1.344272333242479966e+01
2.145428128854474092e+00
1.742477265530413266e+00
1.344272333242479966e+01
1.334571138109690658e+01
1.344272333242479966e+01
1.334571138109690658e+01
1.344272333242479966e+01
1.334571138109690658e+01
1.300962954334284483e+01
1.344272333242479966e+01
1.344272333242479966e+01
1.344272333242479966e+01
1.334571138109690658e+01
1.353093896564293352e+01
1.353093896564293352e+01
1.344272333242479966e+01
1.543005987496380405e+00
1.344272333242479966e+01
1.172245775743565410e+01
1.324147529504411835e+01
7.489355243439681509e+00
1.334571138109690658e+01
1.334571138109690658e+01
1.312903021058260578e+01
1.344272333242479966e+01
4.444174557871315656e+00
1.344272333242479966e+01
1.344272333242479966e+01
1.334571138109690658e+01
1.334571138109690658e+01
1.334571138109690658e+01
1.543005987496380405e+00
6.398439272000610245e+00
1.344272333242479966e+01
1.346379292475069933e+00
1.334571138109690658e+01
5.677583974432981462e-01
7.053221368280455650e+00
1.334571138109690658e+01
1.334571138109690658e+01
1.344272333242479966e+01
1.344272333242479966e+01
1.344272333242479966e+01
1.344272333242479966e+01
1.344272333242479966e+01
1.346379292475069933e+00
1.353093896564293352e+01
5.525588176112431249e+00
1.353093896564293352e+01
1.353093896564293352e+01
1.334571138109690658e+01
1.344272333242479966e+01
8.934061513640735086e+00
1.344272333242479966e+01
1.353093896564293352e+01
1.344272333242479966e+01
1.334571138109690658e+01
1.344272333242479966e+01
1.344272333242479966e+01
1.883139553158899304e-01
1.334571138109690658e+01
1.344272333242479966e+01
1.344272333242479966e+01
1.344272333242479966e+01
1.344272333242479966e+01
1.344272333242479966e+01
1.344272333242479966e+01
1.344272333242479966e+01
1.334571138109690658e+01
1.344272333242479966e+01
1.344272333242479966e+01
5.677583974432981462e-01
1.344272333242479966e+01
1.344272333242479966e+01
1.334571138109690658e+01
1.334571138109690658e+01
1.344272333242479966e+01
1.334571138109690658e+01
1.324147529504411835e+01
1.344272333242479966e+01
1.344272333242479966e+01
1.334571138109690658e+01
1.334571138109690658e+01
1.334571138109690658e+01
1.344272333242479966e+01
5.090505857140125379e+00
1.344272333242479966e+01
8.934061513640735086e+00
1.344272333242479966e+01
5.090505857140125379e+00
4.657814588511398846e+00
1.344272333242479966e+01
1.334571138109690658e+01
4.229732791371114686e+00
9.143432117789044966e+00
1.353093896564293352e+01
1.353093896564293352e+01
1.344272333242479966e+01
1.344272333242479966e+01
1.353093896564293352e+01
1.344272333242479966e+01
6.834584403366349648e+00
1.344272333242479966e+01
7.489355243439681509e+00
1.344272333242479966e+01
8.083668192569247068e+00
2.145428128854474092e+00
1.353093896564293352e+01
1.353093896564293352e+01
1.344272333242479966e+01
1.344272333242479966e+01
1.344272333242479966e+01
1.334571138109690658e+01
6.617381078761290780e+00
1.344272333242479966e+01
1.344272333242479966e+01
1.344272333242479966e+01
1.344272333242479966e+01
1.324147529504411835e+01
1.324147529504411835e+01
6.398439272000610245e+00
9.351027211080676693e+00
1.344272333242479966e+01
1.334571138109690658e+01
1.334571138109690658e+01
1.344272333242479966e+01
1.334571138109690658e+01
1.312903021058260578e+01
1.353093896564293352e+01
1.353093896564293352e+01
9.143432117789044966e+00
9.556680468766106884e+00
1.344272333242479966e+01
0.000000000000000000e+00
1.360935697559721014e+01
1.334571138109690658e+01
1.353093896564293352e+01
6.179518346953852159e+00
1.353093896564293352e+01
1.334571138109690658e+01
1.344272333242479966e+01
1.344272333242479966e+01
1.353093896564293352e+01
1.334571138109690658e+01
1.344272333242479966e+01
1.334571138109690658e+01
1.344272333242479966e+01
7.706588622122904297e+00
1.353093896564293352e+01
1.334571138109690658e+01
1.334571138109690658e+01
1.324147529504411835e+01
1.353093896564293352e+01
1.344272333242479966e+01
1.334571138109690658e+01
1.334571138109690658e+01
8.512247293356107747e+00
1.247093702622150246e+00
1.344272333242479966e+01
1.344272333242479966e+01
1.344272333242479966e+01
7.053221368280455650e+00
1.344272333242479966e+01
1.334571138109690658e+01
1.344272333242479966e+01
6.834584403366349648e+00
1.344272333242479966e+01
1.344272333242479966e+01
2.348864951640580401e+00
1.344272333242479966e+01
1.334571138109690658e+01
1.344272333242479966e+01
1.344272333242479966e+01
