4.444174557871315656e+00
1.346379292475069933e+00
1.344272333242479966e+01
7.271521450825830790e+00
5.960727696659457564e+00
5.090505857140125379e+00
6.179518346953852159e+00
0.000000000000000000e+00
5.960727696659457564e+00
1.346379292475069933e+00
8.723078960845443319e+00
8.083668192569247068e+00
7.603129418447295285e-01
8.298528437682785253e+00
9.556680468766106884e+00
7.489355243439681509e+00
1.334571138109690658e+01
8.934061513640735086e+00
1.050067469528052122e+01
9.959979358987244069e+00
1.106322390127519562e+01
1.015880376978998001e+01
9.351027211080676693e+00
9.351027211080676693e+00
8.934061513640735086e+00
4.016174878627813527e+00
9.959979358987244069e+00
8.298528437682785253e+00
7.053221368280455650e+00
8.512247293356107747e+00
1.344272333242479966e+01
3.780486270218244016e-01
6.398439272000610245e+00
1.087846849000770888e+01
4.229732791371114686e+00
9.959979358987244069e+00
5.960727696659457564e+00
8.934061513640735086e+00
1.087846849000770888e+01
6.617381078761290780e+00
1.344272333242479966e+01
9.143432117789044966e+00
9.556680468766106884e+00
0.000000000000000000e+00
5.525588176112431249e+00
9.143432117789044966e+00
9.351027211080676693e+00
6.834584403366349648e+00
5.677583974432981462e-01
1.324147529504411835e+01
7.489355243439681509e+00
7.706588622122904297e+00
5.090505857140125379e+00
2.965140518104166123e+00
0.000000000000000000e+00
1.346379292475069933e+00
7.603129418447295285e-01
4.873821409676672545e+00
7.706588622122904297e+00
7.053221368280455650e+00
5.525588176112431249e+00
5.525588176112431249e+00
6.179518346953852159e+00
1.015880376978998001e+01
1.050067469528052122e+01
4.657814588511398846e+00
1.353093896564293352e+01
6.617381078761290780e+00
1.050067469528052122e+01
7.053221368280455650e+00
1.344272333242479966e+01
4.444174557871315656e+00
1.353093896564293352e+01
6.398439272000610245e+00
4.873821409676672545e+00
7.053221368280455650e+00
9.351027211080676693e+00
1.015880376978998001e+01
6.617381078761290780e+00
9.143432117789044966e+00
1.205099465969168371e+01
4.016174878627813527e+00
1.188893965840617284e+01
1.344272333242479966e+01
3.173479621016687791e+00
1.353093896564293352e+01
3.780486270218244016e-01
3.803560445192158301e+00
1.353093896564293352e+01
4.873821409676672545e+00
1.015880376978998001e+01
7.603129418447295285e-01
7.489355243439681509e+00
9.143432117789044966e+00
8.934061513640735086e+00
5.742171535450145470e+00
5.525588176112431249e+00
9.758700925755615430e+00
1.334571138109690658e+01
1.543005987496380405e+00
8.512247293356107747e+00
8.298528437682785253e+00
7.867816667948594578e+00
9.556680468766106884e+00
6.398439272000610245e+00
1.344272333242479966e+01
1.353093896564293352e+01
1.353093896564293352e+01
7.271521450825830790e+00
7.271521450825830790e+00
7.489355243439681509e+00
9.556680468766106884e+00
8.934061513640735086e+00
1.883139553158899304e-01
1.344272333242479966e+01
1.149632811042508473e+00
9.542738816263689472e-01
5.677583974432981462e-01
1.883139553158899304e-01
8.298528437682785253e+00
2.757979541314079963e+00
2.348864951640580401e+00
3.382957727865591568e+00
1.334571138109690658e+01
3.780486270218244016e-01
7.053221368280455650e+00
1.334571138109690658e+01
1.149632811042508473e+00
1.353093896564293352e+01
9.556680468766106884e+00
1.334571138109690658e+01
7.706588622122904297e+00
8.298528437682785253e+00
5.307789322654199893e+00
5.307789322654199893e+00
1.149632811042508473e+00
1.015880376978998001e+01
5.090505857140125379e+00
2.348864951640580401e+00
1.742477265530413266e+00
9.542738816263689472e-01
7.271521450825830790e+00
1.344272333242479966e+01
6.179518346953852159e+00
1.353093896564293352e+01
8.512247293356107747e+00
4.444174557871315656e+00
8.083668192569247068e+00
9.351027211080676693e+00
8.723078960845443319e+00
1.334571138109690658e+01
1.353093896564293352e+01
1.344272333242479966e+01
8.298528437682785253e+00
5.677583974432981462e-01
8.083668192569247068e+00
9.959979358987244069e+00
1.346379292475069933e+00
8.298528437682785253e+00
1.149632811042508473e+00
9.351027211080676693e+00
4.873821409676672545e+00
3.803560445192158301e+00
6.834584403366349648e+00
8.934061513640735086e+00
9.556680468766106884e+00
1.344272333242479966e+01
3.173479621016687791e+00
5.525588176112431249e+00
7.053221368280455650e+00
1.346379292475069933e+00
1.015880376978998001e+01
1.124448829927718840e+01
1.324147529504411835e+01
7.053221368280455650e+00
7.489355243439681509e+00
1.069040806253043918e+01
1.106322390127519562e+01
8.723078960845443319e+00
1.050067469528052122e+01
8.934061513640735086e+00
5.960727696659457564e+00
1.149632811042508473e+00
3.780486270218244016e-01
6.617381078761290780e+00
7.271521450825830790e+00
7.489355243439681509e+00
1.344272333242479966e+01
1.344272333242479966e+01
5.677583974432981462e-01
1.742477265530413266e+00
1.353093896564293352e+01
8.083668192569247068e+00
4.016174878627813527e+00
7.489355243439681509e+00
1.353093896564293352e+01
1.149632811042508473e+00
5.677583974432981462e-01
5.307789322654199893e+00
3.780486270218244016e-01
9.351027211080676693e+00
8.934061513640735086e+00
9.959979358987244069e+00
5.525588176112431249e+00
5.742171535450145470e+00
7.271521450825830790e+00
1.344272333242479966e+01
6.834584403366349648e+00
4.016174878627813527e+00
5.090505857140125379e+00
8.723078960845443319e+00
1.334571138109690658e+01
3.173479621016687791e+00
9.143432117789044966e+00
8.934061513640735086e+00
3.382957727865591568e+00
5.742171535450145470e+00
1.334571138109690658e+01
5.090505857140125379e+00
4.873821409676672545e+00
4.444174557871315656e+00
6.179518346953852159e+00
8.298528437682785253e+00
1.344272333242479966e+01
4.657814588511398846e+00
4.229732791371114686e+00
1.344272333242479966e+01
8.083668192569247068e+00
7.603129418447295285e-01
2.552032200465452760e+00
1.353093896564293352e+01
1.353093896564293352e+01
8.934061513640735086e+00
9.556680468766106884e+00
1.353093896564293352e+01
8.512247293356107747e+00
1.943291309995750282e+00
3.803560445192158301e+00
7.053221368280455650e+00
1.344272333242479966e+01
7.489355243439681509e+00
6.398439272000610245e+00
1.353093896564293352e+01
1.344272333242479966e+01
7.867816667948594578e+00
8.083668192569247068e+00
5.960727696659457564e+00
7.053221368280455650e+00
6.834584403366349648e+00
1.344272333242479966e+01
2.552032200465452760e+00
8.512247293356107747e+00
5.960727696659457564e+00
8.298528437682785253e+00
8.723078960845443319e+00
8.083668192569247068e+00
8.934061513640735086e+00
1.124448829927718840e+01
8.512247293356107747e+00
1.353093896564293352e+01
8.512247293356107747e+00
9.143432117789044966e+00
9.556680468766106884e+00
5.960727696659457564e+00
1.353093896564293352e+01
9.351027211080676693e+00
6.398439272000610245e+00
9.351027211080676693e+00
5.742171535450145470e+00
9.556680468766106884e+00
9.143432117789044966e+00
9.351027211080676693e+00
9.556680468766106884e+00
7.271521450825830790e+00
9.959979358987244069e+00
7.867816667948594578e+00
9.351027211080676693e+00
8.512247293356107747e+00
4.444174557871315656e+00
8.083668192569247068e+00
1.334571138109690658e+01
7.053221368280455650e+00
7.867816667948594578e+00
1.643322539663806259e+00
8.723078960845443319e+00
1.344272333242479966e+01
6.645833207742691817e-01
3.382957727865591568e+00
4.657814588511398846e+00
6.398439272000610245e+00
7.053221368280455650e+00
5.307789322654199893e+00
1.035499867974002619e+01
5.742171535450145470e+00
9.327131783738483450e-02
7.053221368280455650e+00
