ID QuenchTime zInfall Host
22148695.0 4.35829579321 0.497005988024 host1
22149405.0 10.276847571 1.94724432655 host1
22150280.0 7.03137073795 0.916075876605 host1
22151621.0 4.93875907361 0.591849729386 host1
22155516.0 1.22816555331 0.135718341851 host2
22158327.0 8.44826056681 1.17959895379 host2
22160105.0 8.08366819257 1.0601565719 host2
23028588.0 8.23418330557 1.17959895379 host1
23030091.0 5.74217153545 1.54841997961 host1
23034374.0 11.0632239013 2.45423143351 host2
23036199.0 0.0375490371055 1.31320842008 host1
23036525.0 10.1785445014 1.94724432655 host1
23036564.0 9.89984557081 1.73298715496 host1
23036699.0 8.72307896086 1.24416517056 host1
23037225.0 6.94393709651 1.83607487238 host2
23037245.0 4.89546061931 1.46487552379 host2
10499245.0 3.84600514131 0.412828482622 host1
10502542.0 9.8394956367 1.73298715496 host1
10504795.0 4.83056340728 1.24416517056 host1
10507622.0 9.51571323477 1.63713080169 host2
10508084.0 0.188313955316 0.591849729386 host2
80176320.0 10.6904080625 2.16355583676 host1
80182758.0 4.20833620753 0.467782181124 host1
80177222.0 9.65872623182 1.73298715496 host1
80175824.0 0.093979255235 0.779992880028 host1
80179361.0 10.8411149015 2.30250990753 host1
80304205.0 5.50378758678 1.46487552379 host2
80304135.0 6.35464984155 1.54841997961 host2
80175504.0 5.35131062776 0.626280696048 host1
80172978.0 9.08079986763 1.46487552379 host1
80173584.0 9.22669247117 1.54841997961 host1
20829818.0 9.67907019294 1.63713080169 host1
20833403.0 7.61977609556 1.00521355524 host2
20833408.0 1.78253325414 0.52741713762 host2
20839216.0 0.625376666692 0.135718341851 host2
20839854.0 7.38050490745 1.00521355524 host2
52733649.0 5.50378758678 0.626280696048 host1
52734273.0 6.22329553616 0.739130434783 host2
52734420.0 10.0597092367 1.94724432655 host2
52735288.0 7.81493699398 2.03674460978 host2
52736552.0 7.85822065948 1.11819529761 host1
52736559.0 3.21528543947 0.823154056518 host1
52737506.0 1.68249405194 2.03674460978 host2
52964081.0 2.45106294908 0.966181675187 host1
14339853.0 4.37975295296 0.497005988024 host1
14340086.0 8.10520127107 1.17959895379 host1
14342744.0 9.30965817893 1.54841997961 host1
14345224.0 11.0632239013 2.45423143351 host2
14347477.0 3.99487003369 0.439677512237 host2
14347569.0 11.2444882993 2.62056480811 host2
14347618.0 10.6904080625 2.16355583676 host2
18582309.0 6.66116195691 0.86846038864 host1
18582422.0 4.57323735772 1.73298715496 host1
18587488.0 0.150537435277 1.00521355524 host2
18587492.0 8.99704933573 1.46487552379 host2
18588663.0 5.63465334708 0.662234042553 host2
18588688.0 5.50378758678 0.662234042553 host2
18590473.0 9.95997935899 1.73298715496 host2
18590852.0 4.85218898038 0.559089491737 host2
18590921.0 8.55484062209 1.31320842008 host2
18591610.0 8.27709126878 1.24416517056 host2
18593132.0 7.70658862212 1.0601565719 host2
18593184.0 5.76401373677 1.63713080169 host2
13130426.0 1.44526901362 0.779992880028 host1
13132453.0 11.7224577574 3.17188151856 host1
13136153.0 9.73996861106 1.73298715496 host2
13137514.0 6.92207153385 1.83607487238 host2
13138687.0 7.16242149546 1.00521355524 host1
26097192.0 1.72246940658 0.916075876605 host1
26098791.0 7.44583215944 1.00521355524 host1
26103319.0 8.70349129243 1.38663484487 host1
26109364.0 0.644610990262 0.102535832415 host2
26111677.0 2.57257138081 0.699813020568 host2
26112013.0 2.28769887563 0.248751248751 host2
16578834.0 3.13171937482 0.36165577342 host2
16661101.0 6.87833269767 0.86846038864 host1
16663479.0 4.59477549999 0.497005988024 host1
16663826.0 8.74424515315 1.54841997961 host1
16577148.0 7.59805554704 1.00521355524 host2
10245691.0 8.12672429168 1.17959895379 host1
10247772.0 5.26428864938 0.591849729386 host1
10251863.0 9.93995906904 1.73298715496 host1
10252444.0 2.18601227247 0.269841269841 host1
10252648.0 1.68249405194 0.228350325513 host1
24699560.0 8.01901009151 1.11819529761 host1
24705102.0 1.74247726553 1.38663484487 host1
24702725.0 10.4713797067 2.03674460978 host1
9383825.0 8.04057245501 1.11819529761 host1
8461119.0 7.81493699398 1.0601565719 host1
8514373.0 9.89984557081 1.73298715496 host1
8516596.0 4.27255242388 1.17959895379 host1
8518160.0 9.1016947626 1.46487552379 host1
7470576.0 0.0187674069728 0.559089491737 host1
7471725.0 0.818353896857 0.439677512237 host1
7472487.0 1.22816555331 0.86846038864 host1
7472991.0 8.61863076165 1.38663484487 host1
7473189.0 9.35102721108 1.54841997961 host1
7473213.0 4.3154069265 1.11819529761 host1
7473258.0 3.11085644304 0.337434800053 host1
15347272.0 5.39485187132 0.626280696048 host1
15350583.0 1.20851159296 0.171097318187 host1
15347918.0 10.1588037698 1.83607487238 host1
15345361.0 10.9527776107 2.62056480811 host1
15343167.0 8.84985286503 1.38663484487 host1
15350610.0 7.00951686957 0.916075876605 host1
15350607.0 7.42406195694 1.00521355524 host1
15348473.0 10.5391476522 2.16355583676 host1
6591239.0 10.6538460889 2.16355583676 host1
12947152.0 10.198258763 1.94724432655 host1
12943335.0 8.72307896085 1.31320842008 host1
12960011.0 5.85141399438 0.662234042553 host1
12957919.0 1.09087892362 0.153136531365 host1
12957896.0 0.226147308906 0.0866021949364 host1
12958061.0 6.42033436267 0.779992880028 host1
12959952.0 7.09691240726 0.916075876605 host1
6825689.0 2.30807477724 0.966181675187 host1
6826040.0 6.61738107876 0.823154056518 host1
6752934.0 8.29852843768 1.17959895379 host1
7726837.0 1.52462710855 1.24416517056 host1
7724145.0 8.23418330557 1.17959895379 host1
13875942.0 0.954273881626 0.171097318187 host1
13875884.0 5.13391723212 0.559089491737 host1
13873413.0 0.283003858397 0.102535832415 host1
13875902.0 3.9097461749 1.38663484487 host1
13875951.0 9.63836031226 1.73298715496 host1
13875852.0 5.46019958435 0.626280696048 host1
13874881.0 7.18425001845 0.916075876605 host1
13875948.0 9.39231857793 1.63713080169 host1
9752884.0 3.76115571004 0.439677512237 host1
9752921.0 4.93875907361 0.591849729386 host1
9753403.0 8.53355051039 1.24416517056 host1
9753468.0 11.4220726833 2.8037276531 host1
6494198.0 4.22973279137 1.38663484487 host1
6494355.0 8.63986688678 1.31320842008 host1
6494369.0 3.19437685424 0.386770212176 host1
6494541.0 1.20851159296 0.591849729386 host1
16824978.0 6.13574638532 0.779992880028 host1
16826828.0 4.74413117716 1.24416517056 host1
16827538.0 8.91303312245 1.38663484487 host1
16827643.0 0.895938390242 0.52741713762 host1
16829856.0 7.27152145083 1.00521355524 host1
16833193.0 3.8247778247 1.24416517056 host1
12769745.0 5.63465334708 0.662234042553 host1
12772268.0 1.80258134598 0.248751248751 host1
12772445.0 4.57323735772 1.38663484487 host1
12774253.0 7.48935524344 1.00521355524 host1
12775125.0 1.88290724341 0.779992880028 host1
12776359.0 0.798992858993 1.31320842008 host1
12776400.0 6.94393709651 0.86846038864 host1
12777101.0 10.0994245204 1.94724432655 host1
12778635.0 7.44583215944 1.00521355524 host1
7567337.0 6.42033436267 0.779992880028 host1
7570044.0 7.20607440587 2.30250990753 host1
12539117.0 8.01901009151 1.17959895379 host1
12539655.0 7.03137073795 0.916075876605 host1
12540188.0 6.72682422073 0.823154056518 host1
12540840.0 1.86280577922 1.17959895379 host1
12541382.0 1.70247499596 1.17959895379 host1
7432054.0 3.27807888983 1.17959895379 host1
7432351.0 8.84985286503 1.31320842008 host1
7432378.0 11.2444882993 2.62056480811 host1
7431645.0 8.3841614811 1.24416517056 host1
21255855.0 9.91991441493 1.73298715496 host1
21256772.0 8.51224729336 1.24416517056 host1
21262012.0 1.05177920075 1.54841997961 host1
21262450.0 5.87327143197 0.662234042553 host1
10061348.0 11.1904867183 2.62056480811 host1
10061998.0 9.30965817893 1.54841997961 host1
10062898.0 9.20590459081 1.46487552379 host1
10063169.0 5.61283232405 0.662234042553 host1
10064877.0 9.51571323477 1.63713080169 host1
10064893.0 9.03895846448 1.38663484487 host1
10065570.0 9.39231857793 1.54841997961 host1
10066101.0 0.093979255235 1.63713080169 host1
10066297.0 7.0750686338 0.916075876605 host1
10066799.0 5.85141399438 1.73298715496 host1
10066966.0 7.74995112306 1.0601565719 host1
10067217.0 9.35102721108 1.54841997961 host1
10067891.0 8.44826056681 1.31320842008 host1
10069102.0 7.86781666795 1.11819529761 host1
10069111.0 10.87846849 2.30250990753 host1
64556343.0 0.916100325224 1.11819529761 host2
64556509.0 8.68229731021 1.31320842008 host2
64556519.0 10.0597092367 1.83607487238 host2
64778489.0 0.568479644368 0.110617503332 host1
64783228.0 4.57323735772 0.497005988024 host1
64787291.0 6.42033436267 0.779992880028 host1
64788865.0 5.22080929317 0.591849729386 host1
64789319.0 10.1588037698 1.94724432655 host1
64789370.0 5.56920207583 0.662234042553 host1
64789684.0 3.61305984422 0.86846038864 host1
