1.344272333242479966e+01
1.353093896564293352e+01
1.324147529504411835e+01
1.344272333242479966e+01
1.334571138109690658e+01
1.742477265530413266e+00
1.353093896564293352e+01
1.334571138109690658e+01
1.344272333242479966e+01
1.344272333242479966e+01
1.344272333242479966e+01
4.444174557871315656e+00
1.334571138109690658e+01
1.334571138109690658e+01
1.334571138109690658e+01
1.344272333242479966e+01
1.344272333242479966e+01
1.334571138109690658e+01
1.353093896564293352e+01
1.344272333242479966e+01
1.344272333242479966e+01
1.324147529504411835e+01
1.334571138109690658e+01
1.334571138109690658e+01
1.344272333242479966e+01
1.353093896564293352e+01
1.334571138109690658e+01
1.334571138109690658e+01
1.334571138109690658e+01
1.334571138109690658e+01
1.353093896564293352e+01
1.353093896564293352e+01
1.353093896564293352e+01
1.346379292475069933e+00
1.344272333242479966e+01
1.334571138109690658e+01
1.334571138109690658e+01
1.344272333242479966e+01
1.344272333242479966e+01
1.344272333242479966e+01
1.344272333242479966e+01
1.344272333242479966e+01
1.334571138109690658e+01
1.353093896564293352e+01
1.344272333242479966e+01
1.344272333242479966e+01
1.344272333242479966e+01
1.353093896564293352e+01
1.334571138109690658e+01
1.334571138109690658e+01
1.344272333242479966e+01
1.353093896564293352e+01
1.334571138109690658e+01
1.344272333242479966e+01
1.353093896564293352e+01
1.312903021058260578e+01
1.334571138109690658e+01
1.344272333242479966e+01
1.334571138109690658e+01
1.334571138109690658e+01
1.334571138109690658e+01
1.334571138109690658e+01
1.344272333242479966e+01
1.353093896564293352e+01
1.324147529504411835e+01
1.334571138109690658e+01
1.334571138109690658e+01
1.334571138109690658e+01
1.344272333242479966e+01
1.353093896564293352e+01
1.353093896564293352e+01
1.344272333242479966e+01
1.353093896564293352e+01
1.344272333242479966e+01
1.353093896564293352e+01
1.324147529504411835e+01
1.334571138109690658e+01
1.344272333242479966e+01
1.344272333242479966e+01
1.334571138109690658e+01
1.353093896564293352e+01
1.344272333242479966e+01
1.324147529504411835e+01
1.344272333242479966e+01
1.334571138109690658e+01
1.344272333242479966e+01
1.344272333242479966e+01
1.334571138109690658e+01
1.334571138109690658e+01
0.000000000000000000e+00
1.353093896564293352e+01
1.353093896564293352e+01
1.344272333242479966e+01
1.344272333242479966e+01
8.083668192569247068e+00
1.344272333242479966e+01
1.344272333242479966e+01
1.334571138109690658e+01
1.353093896564293352e+01
1.344272333242479966e+01
1.344272333242479966e+01
1.344272333242479966e+01
1.353093896564293352e+01
1.312903021058260578e+01
1.344272333242479966e+01
1.344272333242479966e+01
1.344272333242479966e+01
1.344272333242479966e+01
1.334571138109690658e+01
1.334571138109690658e+01
1.344272333242479966e+01
1.353093896564293352e+01
1.344272333242479966e+01
1.344272333242479966e+01
1.353093896564293352e+01
1.353093896564293352e+01
1.353093896564293352e+01
1.353093896564293352e+01
1.344272333242479966e+01
1.353093896564293352e+01
1.334571138109690658e+01
1.334571138109690658e+01
1.344272333242479966e+01
1.353093896564293352e+01
1.344272333242479966e+01
1.334571138109690658e+01
1.344272333242479966e+01
1.353093896564293352e+01
1.334571138109690658e+01
1.050067469528052122e+01
1.353093896564293352e+01
1.344272333242479966e+01
1.344272333242479966e+01
1.344272333242479966e+01
1.353093896564293352e+01
1.334571138109690658e+01
1.334571138109690658e+01
1.344272333242479966e+01
1.353093896564293352e+01
1.334571138109690658e+01
1.334571138109690658e+01
1.344272333242479966e+01
1.334571138109690658e+01
1.344272333242479966e+01
1.353093896564293352e+01
1.344272333242479966e+01
1.334571138109690658e+01
1.353093896564293352e+01
1.353093896564293352e+01
1.353093896564293352e+01
1.344272333242479966e+01
1.344272333242479966e+01
1.344272333242479966e+01
1.344272333242479966e+01
1.334571138109690658e+01
1.344272333242479966e+01
1.344272333242479966e+01
1.334571138109690658e+01
1.344272333242479966e+01
1.324147529504411835e+01
1.344272333242479966e+01
1.344272333242479966e+01
1.344272333242479966e+01
1.334571138109690658e+01
1.334571138109690658e+01
1.344272333242479966e+01
1.344272333242479966e+01
1.344272333242479966e+01
1.344272333242479966e+01
1.334571138109690658e+01
1.344272333242479966e+01
1.324147529504411835e+01
1.742477265530413266e+00
1.344272333242479966e+01
1.334571138109690658e+01
1.344272333242479966e+01
1.334571138109690658e+01
1.344272333242479966e+01
1.334571138109690658e+01
1.353093896564293352e+01
1.344272333242479966e+01
1.334571138109690658e+01
1.353093896564293352e+01
1.334571138109690658e+01
1.344272333242479966e+01
1.344272333242479966e+01
1.312903021058260578e+01
1.344272333242479966e+01
1.300962954334284483e+01
1.334571138109690658e+01
1.334571138109690658e+01
1.344272333242479966e+01
1.344272333242479966e+01
1.334571138109690658e+01
1.334571138109690658e+01
1.344272333242479966e+01
1.334571138109690658e+01
1.353093896564293352e+01
1.334571138109690658e+01
1.334571138109690658e+01
1.334571138109690658e+01
1.353093896564293352e+01
1.344272333242479966e+01
1.334571138109690658e+01
1.334571138109690658e+01
1.344272333242479966e+01
1.353093896564293352e+01
1.334571138109690658e+01
1.353093896564293352e+01
1.334571138109690658e+01
1.344272333242479966e+01
1.334571138109690658e+01
1.334571138109690658e+01
1.353093896564293352e+01
1.344272333242479966e+01
1.344272333242479966e+01
1.344272333242479966e+01
1.742477265530413266e+00
1.334571138109690658e+01
7.603129418447295285e-01
1.312903021058260578e+01
1.344272333242479966e+01
1.344272333242479966e+01
1.324147529504411835e+01
1.344272333242479966e+01
1.334571138109690658e+01
1.344272333242479966e+01
1.344272333242479966e+01
1.344272333242479966e+01
1.344272333242479966e+01
1.334571138109690658e+01
1.344272333242479966e+01
1.334571138109690658e+01
1.344272333242479966e+01
1.334571138109690658e+01
1.300962954334284483e+01
1.344272333242479966e+01
1.344272333242479966e+01
1.344272333242479966e+01
1.334571138109690658e+01
1.353093896564293352e+01
1.353093896564293352e+01
1.344272333242479966e+01
1.312903021058260578e+01
1.344272333242479966e+01
1.344272333242479966e+01
1.324147529504411835e+01
1.344272333242479966e+01
1.334571138109690658e+01
1.334571138109690658e+01
1.312903021058260578e+01
1.344272333242479966e+01
1.334571138109690658e+01
1.344272333242479966e+01
1.344272333242479966e+01
1.334571138109690658e+01
1.334571138109690658e+01
1.334571138109690658e+01
1.344272333242479966e+01
1.344272333242479966e+01
1.334571138109690658e+01
1.344272333242479966e+01
1.344272333242479966e+01
1.334571138109690658e+01
9.542738816263689472e-01
1.344272333242479966e+01
1.334571138109690658e+01
1.334571138109690658e+01
1.344272333242479966e+01
1.344272333242479966e+01
1.344272333242479966e+01
1.344272333242479966e+01
1.344272333242479966e+01
1.312903021058260578e+01
1.334571138109690658e+01
1.353093896564293352e+01
1.324147529504411835e+01
1.353093896564293352e+01
1.353093896564293352e+01
1.334571138109690658e+01
1.344272333242479966e+01
1.312903021058260578e+01
1.344272333242479966e+01
1.353093896564293352e+01
1.344272333242479966e+01
1.334571138109690658e+01
1.344272333242479966e+01
1.344272333242479966e+01
1.334571138109690658e+01
1.334571138109690658e+01
1.344272333242479966e+01
1.344272333242479966e+01
1.334571138109690658e+01
1.344272333242479966e+01
1.344272333242479966e+01
1.344272333242479966e+01
1.344272333242479966e+01
1.344272333242479966e+01
1.334571138109690658e+01
1.344272333242479966e+01
1.344272333242479966e+01
1.324147529504411835e+01
1.324147529504411835e+01
1.344272333242479966e+01
1.344272333242479966e+01
1.334571138109690658e+01
1.334571138109690658e+01
1.344272333242479966e+01
1.334571138109690658e+01
1.324147529504411835e+01
1.344272333242479966e+01
1.344272333242479966e+01
1.334571138109690658e+01
1.334571138109690658e+01
1.334571138109690658e+01
1.344272333242479966e+01
8.298528437682785253e+00
1.344272333242479966e+01
1.312903021058260578e+01
1.344272333242479966e+01
5.525588176112431249e+00
1.344272333242479966e+01
1.344272333242479966e+01
1.334571138109690658e+01
1.344272333242479966e+01
1.344272333242479966e+01
1.353093896564293352e+01
1.353093896564293352e+01
1.344272333242479966e+01
1.344272333242479966e+01
1.353093896564293352e+01
1.344272333242479966e+01
1.334571138109690658e+01
1.344272333242479966e+01
1.324147529504411835e+01
1.344272333242479966e+01
1.334571138109690658e+01
1.353093896564293352e+01
1.353093896564293352e+01
1.334571138109690658e+01
1.334571138109690658e+01
1.353093896564293352e+01
1.344272333242479966e+01
1.344272333242479966e+01
1.344272333242479966e+01
1.334571138109690658e+01
1.344272333242479966e+01
1.344272333242479966e+01
1.344272333242479966e+01
1.344272333242479966e+01
1.344272333242479966e+01
1.324147529504411835e+01
1.324147529504411835e+01
1.324147529504411835e+01
1.324147529504411835e+01
1.344272333242479966e+01
1.334571138109690658e+01
1.334571138109690658e+01
1.344272333242479966e+01
1.334571138109690658e+01
1.312903021058260578e+01
1.353093896564293352e+01
1.353093896564293352e+01
1.324147529504411835e+01
1.334571138109690658e+01
1.344272333242479966e+01
1.334571138109690658e+01
1.360935697559721014e+01
1.324147529504411835e+01
1.334571138109690658e+01
1.353093896564293352e+01
1.353093896564293352e+01
1.353093896564293352e+01
1.334571138109690658e+01
1.344272333242479966e+01
1.344272333242479966e+01
1.353093896564293352e+01
1.334571138109690658e+01
1.344272333242479966e+01
1.334571138109690658e+01
1.344272333242479966e+01
1.334571138109690658e+01
1.353093896564293352e+01
1.334571138109690658e+01
1.334571138109690658e+01
1.324147529504411835e+01
1.353093896564293352e+01
1.344272333242479966e+01
1.334571138109690658e+01
1.334571138109690658e+01
1.334571138109690658e+01
1.334571138109690658e+01
1.344272333242479966e+01
1.344272333242479966e+01
1.344272333242479966e+01
1.334571138109690658e+01
1.344272333242479966e+01
1.334571138109690658e+01
1.344272333242479966e+01
7.053221368280455650e+00
1.353093896564293352e+01
1.344272333242479966e+01
1.344272333242479966e+01
1.344272333242479966e+01
1.334571138109690658e+01
1.344272333242479966e+01
1.344272333242479966e+01
