ID QuenchTime zInfall Host
22149405.0 10.2214227474 2.97761471463 host1
22150280.0 7.04569543154 1.05917529594 host1
22152212.0 3.2068346691 0.884393136301 host1
22155516.0 1.27050668939 0.160476558128 host2
22158327.0 8.39275363722 1.53059196578 host2
22160105.0 7.85564819048 12.7701239311 host2
23030091.0 5.83627634347 2.29898837141 host1
23033494.0 8.43776695823 2.10061339534 host2
23034374.0 11.1029938309 4.82811419816 host2
23036199.0 4.6762930226 2.66165687713 host1
23036525.0 10.1792354935 2.87338986625 host1
23036699.0 4.90329050201 3.07750596961 host1
23037239.0 4.46688267376 2.03020478199 host2
10499245.0 3.90385343615 0.48042787866 host1
10504795.0 4.88436330928 1.73835494564 host1
10508084.0 0.219723066284 0.661279030207 host2
80176320.0 10.7828917105 2.72835583138 host1
80177222.0 9.75930226341 2.41878417905 host1
80175824.0 0.201338996944 2.39721763563 host1
80179361.0 10.8414552916 2.73236343083 host1
80182750.0 6.70565815262 1.44271421725 host1
80304205.0 5.68076071788 3.34209398585 host2
80304135.0 6.45038095746 3.2805195307 host2
80175504.0 5.45205942093 0.843330911957 host1
20829818.0 9.61061831812 2.75727266082 host1
20833403.0 7.63852918875 1.36795953695 host2
20833408.0 5.11612482159 0.577019989332 host2
20839854.0 7.43039392209 1.37655153448 host2
20840002.0 4.5257877377 1.63396439504 host2
20840337.0 10.8446738229 3.36657975758 host2
52735288.0 10.3317710132 3.5048078817 host2
52736552.0 7.87668365014 1.46896019183 host1
52736559.0 3.30997172688 1.03917566953 host1
14340086.0 8.21206558763 1.91592068696 host1
14342624.0 9.0545945794 1.69072325444 host1
14342708.0 4.46688267376 2.9416761694 host1
14342744.0 9.34731272068 2.06870879067 host1
14343241.0 6.38929223765 0.965812900545 host2
14343590.0 4.42134105738 2.18730902557 host1
14345224.0 9.99019126268 3.64672002316 host2
14345995.0 10.731738772 3.33994445585 host2
14346805.0 8.78525815184 3.23367750126 host2
14347582.0 10.2977016463 3.53767469101 host2
14347618.0 10.7278993452 3.35867467192 host2
18580257.0 0.109619909304 0.830250346754 host1
18583735.0 0.796591804043 1.25857441547 host2
18587488.0 0.256531439311 1.71721113727 host2
18587492.0 9.12936322155 1.87731878346 host2
18588436.0 0.0 2.2061262079 host2
18590473.0 9.67287163112 4.49688677731 host2
18593132.0 7.78931298681 1.57430024862 host2
18593184.0 9.49416684338 2.14840208603 host2
13132453.0 11.7215601428 8.26833041147 host1
13136153.0 9.73960428894 5.22768732397 host2
13137514.0 6.98785399766 3.06605413708 host2
26103521.0 0.127936885808 0.116922926174 host1
26107079.0 0.871948127268 1.0991965245 host1
26111677.0 2.60091691367 0.906931008366 host2
16578834.0 3.18515710819 0.444225400197 host2
16663479.0 4.63241450475 0.665301690594 host1
16577148.0 7.61161553553 1.28867765586 host2
16577296.0 9.86944698007 3.25696966204 host2
20421513.0 3.55916100172 1.26493692358 host1
10245691.0 8.14606417786 1.52389804996 host1
24702506.0 2.96611286587 1.81189167634 host1
24704304.0 2.84272723533 3.48504900493 host1
24706988.0 8.64119243281 4.65765670871 host1
24697320.0 7.77142854073 4.76344269644 host1
24702725.0 10.4677904061 4.39174515568 host1
8461119.0 7.84666375174 1.51298374937 host1
8514373.0 9.91235032243 2.71046982082 host1
7470576.0 0.0730558351789 0.69820910977 host1
7471725.0 0.871589332416 0.57987106113 host1
7473189.0 9.3176163514 2.19013374602 host1
7473213.0 7.81036465031 1.95830233768 host1
7473258.0 3.16620310718 0.428478334811 host1
15347272.0 5.4566917728 0.776749586522 host1
15345361.0 11.2126143176 3.14828114615 host1
15343167.0 8.90545561945 2.07142311028 host1
15350607.0 7.46955290517 1.33932329877 host1
15349403.0 10.7239502543 2.97282787457 host1
15348473.0 10.5760134675 3.05613136602 host1
15344905.0 9.3176163514 2.67520773358 host1
6591239.0 10.5799524074 3.45919126768 host1
12943335.0 8.76471859862 1.68888364681 host1
12960011.0 5.91872974428 0.755506260522 host1
12957896.0 0.311844546276 0.108919340116 host1
12959952.0 7.19423684521 1.29084193126 host1
6752934.0 8.31636249307 2.59357947134 host1
17473535.0 3.17006698717 0.460212634389 host1
17473612.0 0.110400188458 0.0908694229301 host1
17454979.0 0.0551669178333 0.0955891641203 host1
17471139.0 8.38450767995 1.42639691136 host1
7725458.0 1.21366672881 1.73835494564 host1
7724145.0 8.27467548769 2.01837482253 host1
13873413.0 0.348929123693 0.116975795026 host1
13875902.0 3.96754606259 1.96058402698 host1
13875948.0 9.46165593164 2.59357947134 host1
13875927.0 9.3339926605 2.4734691138 host1
9753403.0 8.53789169389 1.84719059793 host1
9753468.0 11.3303702339 4.65765670871 host1
6494355.0 8.63851227405 1.92074990149 host1
6494369.0 3.2692162585 0.472249014865 host1
16824978.0 6.19775615806 1.89193572261 host1
16829856.0 7.36687794713 1.6813950713 host1
16833193.0 3.94351321287 1.99023008745 host1
16833235.0 0.77778590098 0.839574753768 host1
16833268.0 2.24412539961 1.66293140229 host1
12769745.0 5.69001778698 0.908313019878 host1
12772445.0 8.89136002121 1.88116304418 host1
12772454.0 9.27734207613 2.35624981328 host1
12776359.0 3.8625397578 1.70011656692 host1
12777101.0 10.0869638662 4.28129701015 host1
7568481.0 7.84915121213 2.11043355232 host1
12538106.0 7.68709069356 1.22074984578 host1
12539117.0 8.12176446804 1.23138485283 host1
12540840.0 1.94745480236 2.40968457735 host1
12541382.0 3.7360157312 1.31044516229 host1
12541414.0 8.50339762498 2.17975425603 host1
7432054.0 3.38875597085 1.70770255448 host1
7432351.0 8.89136002121 1.88116304418 host1
7432378.0 11.2610314408 3.66786402756 host1
21256772.0 8.57658397728 1.56291046899 host1
21262450.0 5.94501622118 0.768620737842 host1
10061348.0 11.1813743703 4.80672911489 host1
10062898.0 9.25717818299 1.96966072349 host1
10064877.0 9.57379234367 2.02530417321 host1
10064893.0 9.11554575181 1.88116304418 host1
10066101.0 4.52773449257 2.06376726618 host1
10066297.0 7.19423684521 1.37522847755 host1
10066966.0 7.828122218 1.4818899049 host1
10067217.0 9.41423030981 2.16126509459 host1
10069034.0 4.23742127838 1.30689048251 host1
64556343.0 7.67352548899 1.57543628392 host2
64556519.0 10.0695915911 3.05887540756 host2
64787291.0 6.46836822679 0.885142525958 host1
64788072.0 7.03510741163 1.03175029102 host1
64789370.0 5.66385948452 0.943822712555 host1
64789651.0 0.0359999739986 1.12979539941 host1
64789684.0 3.7455181614 1.77882815025 host1
