ID QuenchTime zInfall Host
22147990.0 1.79257292329 0.258767605239 host1
22148643.0 5.89556924257 0.689955331023 host1
22148695.0 4.99170888721 0.590356809312 host1
22148947.0 5.51796875308 0.61995897606 host1
22149256.0 0.311844546276 0.0765202432116 host1
22149288.0 7.42156259765 1.0467016319 host1
22149373.0 2.26223384729 0.296482082117 host1
22149405.0 10.8920526188 2.97761471463 host1
22149673.0 0.0 0.0617749214375 host1
22149722.0 7.57520878626 1.37522847755 host1
22149727.0 6.91825034814 0.930722201753 host1
22149996.0 8.37543954007 1.35484462611 host1
22150280.0 7.57520878626 1.05917529594 host1
22150526.0 1.02210988614 0.170867458144 host1
22150717.0 3.3493802812 0.372703251722 host1
22151516.0 0.664751094491 0.162162000395 host1
22151598.0 6.54100440825 0.857870605047 host1
22151621.0 5.81253194114 0.856599793286 host1
22151802.0 4.60948047421 0.59616631918 host1
22152189.0 7.54128854588 1.07768104708 host1
22152212.0 6.83615374283 0.884393136301 host1
22152499.0 5.87877079964 0.69820910977 host1
22152537.0 6.55675779906 0.813095665218 host1
22152608.0 7.63852918875 1.04827338354 host1
22152616.0 7.42487720884 2.8699904662 host1
22152634.0 5.74884681938 0.763508311994 host1
22152854.0 7.3581124712 1.51136126715 host1
22152946.0 7.29788328963 0.959492057049 host1
22153014.0 6.25890800879 0.852155658401 host1
22153036.0 5.91135921887 0.815614822262 host1
22153307.0 7.06993377213 0.917087946076 host1
22153316.0 10.2405309464 2.87790060493 host1
22153325.0 6.00178247411 0.771165875639 host1
22153494.0 0.478702568825 0.0948402720929 host1
22153572.0 7.02745324146 0.931449914468 host1
22153698.0 3.77718475222 0.454886649968 host1
22153854.0 6.74819076679 0.843330911957 host1
22154365.0 9.51125176363 2.08365982335 host2
22154621.0 2.96492195653 0.348950816032 host2
22154827.0 6.58358677813 0.932158188892 host2
22155095.0 7.47578331669 1.03917566953 host2
22155516.0 1.67516823871 0.160476558128 host2
22156294.0 1.6952865143 0.194609337824 host2
22156509.0 1.50057413937 0.150074146053 host2
22156595.0 6.30415823776 0.830865696452 host2
22156713.0 1.53916580516 0.172727098854 host2
22156772.0 1.21366672881 0.203906618372 host2
22157142.0 1.42458416331 0.153627943276 host2
22157266.0 5.37196935961 0.732942815027 host2
22157996.0 11.2086601596 3.58488668734 host2
22158177.0 7.28512452528 0.981682081109 host2
22158252.0 1.04227407112 0.135006049156 host2
22158325.0 7.00322504662 0.990317903457 host2
22158327.0 8.88774080674 1.53059196578 host2
22158579.0 7.01580035946 0.919063022425 host2
22158652.0 8.41700268906 1.31259906544 host2
22158681.0 7.93067797924 1.12054590557 host2
22158682.0 11.8872414302 4.59656375592 host2
22158696.0 10.6871413856 2.74225619518 host2
22158717.0 7.30331740288 0.965812900545 host2
22158722.0 1.5402911403 0.143395467892 host2
22158738.0 1.27103339553 0.126738844815 host2
22158766.0 1.17548765278 0.135006049156 host2
22158770.0 1.63638480355 0.190838504831 host2
22158772.0 8.14267127545 1.29764444455 host2
22158775.0 1.36590940748 0.134897229292 host2
22158777.0 1.44278319226 0.148367806272 host2
22158779.0 1.52034149538 0.158738703932 host2
22158819.0 6.97973870299 0.915840078059 host2
22158855.0 7.19192883484 1.10898981801 host2
22158889.0 6.58084795528 0.931449914468 host2
22158976.0 6.97973870299 6.7399552212 host2
22158977.0 7.02220264119 1.01038786681 host2
22159108.0 5.7913005903 0.747576500839 host2
22159289.0 8.90819328331 2.17423363971 host2
22159363.0 7.17302757749 0.935551856137 host2
22159594.0 6.8970002744 1.0321352525 host2
22159993.0 10.3735640565 2.76465019645 host2
22160044.0 7.44840458162 1.11547320958 host2
22160094.0 8.24705643714 1.25742474641 host2
22160103.0 2.68093394165 0.358042947103 host2
22160105.0 13.427112139 12.7701239311 host2
22160119.0 6.66312021769 0.911642224699 host2
22160158.0 1.11785511263 0.13661120891 host2
23028588.0 11.3897787013 3.51745074491 host1
23029027.0 11.2086601596 3.14300314553 host1
23029158.0 0.164560616001 0.0573769971038 host1
23029356.0 8.74146221447 2.63379460171 host1
23030031.0 6.89167586384 1.23581087571 host1
23030036.0 10.4336962355 2.55889606084 host1
23030090.0 1.6952865143 0.202035602991 host1
23030091.0 10.0869638662 2.29898837141 host1
23031035.0 11.6058329736 3.73200652872 host1
23031040.0 8.60688614805 1.40745657662 host1
23031482.0 8.53789169389 2.44256142107 host1
23031483.0 12.4339468661 6.28375781955 host1
23031584.0 10.8124618769 2.75727266082 host1
23031630.0 6.95850251406 1.05304854212 host1
23032117.0 8.54140957337 1.4061243394 host1
23032452.0 8.12515047783 1.34059231635 host1
23032986.0 1.07853147388 0.143137094799 host2
23033494.0 9.03424508975 2.10061339534 host2
23033754.0 10.009593303 4.58646195922 host2
23033849.0 6.3227281689 1.13886385 host2
23033850.0 9.3176163514 1.84932123541 host2
23034162.0 12.4731975872 4.97485740118 host2
23034291.0 9.19008774982 1.73497825907 host2
23034374.0 11.7829271441 4.82811419816 host2
23034892.0 8.79927429841 2.05659536977 host1
23035142.0 8.95268897796 1.70011656692 host2
23035276.0 9.96690348184 2.28194246556 host2
23035339.0 9.73960428894 2.480343222 host2
23035370.0 6.27814516306 2.09599442987 host2
23035515.0 9.9084979833 2.07336987855 host2
23036107.0 6.38448513296 1.90976966613 host1
23036126.0 7.45155543369 1.29203964113 host1
23036153.0 9.02396661875 2.20858204889 host1
23036154.0 9.1457301586 1.70431937502 host1
23036196.0 11.4048200505 3.14991015658 host1
23036199.0 10.4528176116 2.66165687713 host1
23036374.0 11.0110301392 2.83167385494 host1
23036525.0 11.0140199167 2.87338986625 host1
23036564.0 10.4074127309 2.45794620431 host1
23036565.0 11.2301053102 3.28621163274 host1
23036569.0 7.78931298681 1.23896027543 host1
23036699.0 11.3130885174 3.07750596961 host1
23036736.0 10.2022891704 2.55689850323 host1
23036778.0 10.8376109873 3.26258975745 host1
23036780.0 6.86026404635 1.19552456322 host1
23036794.0 8.88500739689 1.92074990149 host1
23036818.0 10.4865538094 2.58991667798 host1
23036835.0 6.87868172501 1.70957569326 host1
23037225.0 10.6131716581 2.68873525807 host2
23037227.0 9.93559422121 2.09077334202 host2
23037239.0 9.93559422121 2.03020478199 host2
23037890.0 8.37543954007 1.59155132641 host2
23038068.0 9.87329242688 2.06376726618 host2
23038231.0 10.3288141395 2.29361053692 host2
23038369.0 11.4542729237 4.88395113456 host2
23038393.0 10.6726384308 2.57333131888 host2
23038473.0 12.3805916802 4.86361188426 host2
23038506.0 10.7133470629 2.59357947134 host2
23038517.0 12.0722539527 4.75266270674 host2
23038518.0 8.03804255023 1.2185888961 host2
23038545.0 10.3696451321 2.36764627649 host2
23038581.0 10.6317076715 3.03497968852 host2
23038640.0 10.8669931971 2.7033406888 host2
23038662.0 9.03424508975 2.23010185378 host2
10500627.0 0.38578292164 0.088637009574 host1
10500900.0 10.7095086555 2.87790060493 host1
10500957.0 4.50341999244 0.502911972575 host1
10501279.0 11.7147101017 3.83748406537 host1
10501513.0 7.1394475529 1.0617555779 host1
10501840.0 4.52431766124 0.520628004138 host1
10502004.0 7.60264296925 1.19552456322 host1
10502021.0 10.3735640565 2.15114265078 host1
10502465.0 8.96945993768 1.72678673759 host1
10502498.0 8.64819223236 1.73055184116 host1
10502542.0 10.1023625367 2.14840208603 host1
10502640.0 10.0028024929 2.0472387396 host1
10502648.0 10.0057246117 2.01352174432 host1
10502862.0 10.9500590498 2.88229768117 host1
10502931.0 7.58151483538 1.18930753014 host1
10503023.0 8.94630691288 1.73497825907 host1
10503024.0 10.3735640565 2.11309317631 host1
10503073.0 10.404449393 2.30768575566 host1
10503201.0 0.927933157323 0.162162000395 host1
10503241.0 9.03424508975 1.75788317315 host1
10503248.0 9.4579983064 3.10425609645 host1
10503322.0 9.65690088648 1.76775210796 host1
10503328.0 11.5655287931 3.2762310682 host1
10503333.0 9.35781825562 1.73835494564 host1
10503803.0 11.2164583089 3.22146170283 host1
10503925.0 7.40820714437 1.22466665136 host1
10503975.0 7.72611356621 1.32651148824 host1
10504000.0 8.89487949558 2.49608093643 host1
10504102.0 12.9221314722 7.07990098987 host1
10504223.0 5.70640554923 0.775649113703 host1
10504250.0 6.45038095746 1.746141845 host1
10504278.0 7.00620836017 1.08224249698 host1
10504558.0 8.16100078692 1.69686018343 host1
10504737.0 5.56036320063 0.665301690594 host1
10504754.0 10.0028024929 2.07142311028 host1
10504783.0 4.88226085601 0.57987106113 host1
10504792.0 5.03176471519 0.589987545466 host1
10504796.0 4.88436330928 0.61995897606 host1
10505259.0 10.106246302 2.41553417244 host2
10505798.0 5.98053538202 0.723829663927 host2
10505960.0 5.88122950184 0.772675843243 host2
10506009.0 5.77007218661 0.686627470618 host2
10507622.0 10.3356855667 3.43362997751 host2
10507671.0 0.871948127268 0.69820910977 host2
10507684.0 4.60589133855 0.807785916167 host2
10507938.0 8.41352300711 1.36795953695 host2
10508084.0 5.68518982263 0.661279030207 host2
10508150.0 5.19185143282 0.575586987369 host2
10508207.0 11.2957713624 3.7248712156 host2
10508510.0 9.11554575181 1.73835494564 host2
10508934.0 7.93067797924 1.2831833259 host2
10509010.0 5.76557819082 0.671225952174 host2
10509027.0 9.85746538094 2.27401042025 host2
10509028.0 11.0497081461 3.0991070422 host2
10509039.0 5.24283066498 0.58347721907 host2
10509040.0 6.12652672778 0.738775810979 host2
80182758.0 4.80027255281 0.557960462907 host1
80183213.0 5.15833861553 1.582896983 host2
80177222.0 10.5465039499 2.41878417905 host1
80179323.0 0.146267284634 2.29592221438 host1
80175824.0 7.06692597826 2.39721763563 host1
80179729.0 9.3176163514 1.582896983 host2
80179361.0 11.093069574 2.73236343083 host1
80182750.0 7.21544215181 1.44271421725 host1
80177474.0 1.2901817193 0.21144929099 host1
80183076.0 3.06115291506 1.24228526945 host2
80183034.0 9.39794655793 1.6813950713 host2
80180564.0 9.97076578408 2.16403334601 host1
80177463.0 7.41524281342 1.62115853079 host1
80303868.0 9.75176076419 2.01352174432 host2
80176139.0 6.13392792413 0.92663874157 host1
80183089.0 9.40159092697 1.72094218502 host2
80303912.0 8.10084805557 1.52234265509 host2
80304205.0 9.72515574641 3.34209398585 host2
80304135.0 10.3127944182 3.2805195307 host2
80177653.0 7.47578331669 0.946753488134 host1
80177826.0 0.146384425835 0.0691422663176 host1
80173242.0 7.34023408624 2.37990575914 host1
80175796.0 6.00178247411 0.791665449154 host1
80174785.0 1.02255510426 0.131578819564 host1
80183401.0 1.42399229557 0.234538020724 host2
80302651.0 8.72717048183 1.62675652926 host2
80177892.0 0.441557499488 0.0963922443134 host1
80179366.0 10.0289717445 2.99817607545 host1
80172419.0 1.27010894632 0.160419630316 host1
80176870.0 9.47136712744 2.33620020638 host1
80175504.0 6.1525596939 0.843330911957 host1
80174648.0 0.571799242661 0.135006049156 host1
80180494.0 10.1292833673 2.34483147831 host1
80180042.0 10.9242337996 2.67123352929 host1
80175760.0 5.11612482159 0.59326282499 host1
80183096.0 9.68974636732 1.94296087125 host2
80174974.0 11.589144791 5.75792528874 host1
80177672.0 11.6390934636 3.38337657777 host1
80183361.0 9.88898377572 4.16655395952 host2
80183386.0 10.8857217088 3.03037643961 host2
80182745.0 8.05644556005 2.51817421354 host1
80178030.0 8.06235211408 1.45968713053 host1
80172978.0 10.1023625367 2.87338986625 host1
80181996.0 3.36726367826 1.2631554409 host2
80174559.0 6.19775615806 0.917087946076 host1
80304187.0 9.98340602156 1.88805502096 host2
80173584.0 10.0057246117 2.93244623115 host1
80304150.0 11.895579829 4.57611315813 host2
80177356.0 10.996126985 2.97282787457 host1
80183282.0 5.75132125518 1.60026385988 host2
80183387.0 9.59364895233 1.75592280462 host2
80178943.0 11.7147101017 4.09208737701 host1
80179035.0 7.05161238158 1.57589618396 host1
80173830.0 7.09410229742 0.913034852661 host1
80174868.0 6.1525596939 0.821632619608 host1
80177344.0 11.9786400066 5.16536556588 host1
80183269.0 9.93184515378 1.88116304418 host2
80176357.0 10.5013570791 2.77880808185 host1
80182765.0 7.36375828644 1.49791429441 host1
80182754.0 7.40041764995 0.939069865616 host1
80182640.0 10.7423101047 3.03497968852 host1
80304131.0 9.77897866589 1.83051834595 host2
80179629.0 10.163946533 2.80165813629 host1
80182314.0 9.51410276644 3.18784956583 host2
80175538.0 11.3897787013 3.15342726118 host1
80182717.0 11.3059377898 4.40238771423 host1
80182757.0 7.25784040279 0.935551856137 host1
80173302.0 4.89946937064 0.579200214166 host1
80304128.0 9.83030626159 1.88972342616 host2
80304140.0 10.163946533 2.00426530462 host2
80183293.0 9.69262557757 3.69619462514 host2
80182647.0 11.5762329958 4.76344269644 host1
80179614.0 6.15056381349 0.838478486777 host1
20827297.0 7.78604117716 1.11547320958 host1
20827497.0 7.91550598276 1.1222360753 host1
20827579.0 7.30022136852 1.02681223886 host1
20828489.0 4.92644719951 0.524188597458 host2
20829253.0 8.25381596732 1.28642400463 host1
20829818.0 10.404449393 2.75727266082 host1
20830038.0 7.78604117716 1.10970526912 host1
20830238.0 7.53296408324 1.08694464534 host1
20830444.0 1.52097441671 0.217168611879 host1
20830520.0 7.80708549591 1.11547320958 host1
20831050.0 7.85244497601 1.11065342777 host1
20831098.0 7.47271149826 1.10490938643 host1
20831211.0 10.6356508613 2.93711997757 host1
20831228.0 7.99947071325 1.14578697558 host1
20831241.0 7.960743703 1.14081072414 host1
20831251.0 10.8194018525 9.25104363894 host1
20831303.0 8.3277694318 2.26581643308 host1
20832194.0 5.56036320063 0.941144708423 host2
20832630.0 0.127988809769 0.0588677449151 host2
20832688.0 7.00910977172 1.03381148827 host2
20833385.0 5.53497880312 0.615865534097 host2
20833387.0 5.64519818697 0.644062897868 host2
20833398.0 5.57734946836 0.636362742525 host2
20833425.0 5.88122950184 0.680217888996 host2
20833515.0 5.78941849792 0.668102491654 host2
20833731.0 0.740213958192 0.113758934856 host2
20833812.0 9.96690348184 2.63672362491 host2
20834525.0 5.89556924257 0.869563821934 host2
20834527.0 11.1881463738 3.11701026131 host2
20834863.0 0.57156526039 0.102598586932 host2
20834866.0 0.404626423725 0.0887140673954 host2
20835125.0 6.27814516306 0.878639359833 host2
20835275.0 6.66874212086 0.991893077147 host2
20835287.0 9.10908821521 1.71578547393 host2
20835293.0 5.4079653012 0.739324738896 host2
20835885.0 0.497492803521 0.0887140673954 host2
20835897.0 0.590458653866 0.102644383537 host2
20835955.0 5.54148313076 0.623757374565 host2
20836194.0 5.63837204487 0.635918210738 host2
20836287.0 11.6322202199 4.1258096616 host2
20836786.0 3.40807460777 1.48874280036 host2
20836850.0 10.7423101047 3.35275887558 host2
20836915.0 5.38856445923 0.945284016954 host2
20837211.0 11.5220100803 4.24547969511 host2
20837338.0 5.36740849418 0.735815279875 host2
20837353.0 5.5112945599 0.734880104425 host2
20837486.0 5.39088565002 0.58347721907 host2
20837497.0 5.47145296143 0.599172731245 host2
20838747.0 5.28732111032 0.880464374099 host2
20839216.0 1.23226537106 0.158738703932 host2
20839518.0 10.463861531 3.21063884121 host2
20839678.0 5.39088565002 0.589987545466 host2
20839823.0 7.04026690361 0.999144633037 host2
20839854.0 8.1878621246 1.37655153448 host2
20839902.0 5.43089000386 0.59616631918 host2
20840002.0 8.14267127545 1.63396439504 host2
20840019.0 7.23664337768 1.21224579455 host2
20840021.0 7.67826737075 1.57999650095 host2
20840188.0 0.256635819553 0.694488646219 host2
20840301.0 5.62202956483 0.626247058729 host2
20840314.0 5.34625717488 0.563905157203 host2
20840337.0 11.2364515153 3.36657975758 host2
20840416.0 6.22163072832 0.932158188892 host2
20840424.0 5.51559326652 0.720377716328 host2
20840435.0 3.2068346691 0.527198145782 host2
20840474.0 11.6517527081 4.27216334932 host2
20840569.0 8.95622473865 1.86195147402 host2
52724249.0 0.815736978741 0.118643412387 host2
52726141.0 7.49386199099 1.75788317315 host2
52727276.0 6.04884427967 0.780295226927 host1
52727307.0 10.3546380723 2.29898837141 host1
52727586.0 8.37543954007 3.9123296057 host2
52727861.0 0.164611104039 1.91146995971 host1
52728347.0 10.9101373401 2.71046982082 host2
52728429.0 7.06465455676 1.09755899947 host2
52728821.0 0.311971570484 0.0720769724427 host2
52729033.0 11.0179776279 3.61897028441 host2
52729082.0 10.6726384308 2.55689850323 host2
52729451.0 6.25687908947 0.829785930752 host1
52729788.0 10.0869638662 2.20334609325 host2
52730155.0 8.4585195017 1.95830233768 host2
52730220.0 10.4826231135 2.35305281507 host2
52730408.0 11.1029938309 3.55787928113 host2
52730425.0 10.4677904061 2.31311976997 host2
52731020.0 8.78525815184 1.70770255448 host2
52731695.0 6.6659702744 1.96966072349 host1
52732392.0 7.02446174894 1.58124364246 host1
52732465.0 8.30696026402 1.23699184442 host1
52732497.0 8.2653095947 1.65068117576 host1
52732578.0 10.7055606255 3.90456505017 host1
52732667.0 12.1490535935 4.58646195922 host1
52732766.0 8.16356834101 2.08562590115 host1
52732769.0 10.4865538094 4.24547969511 host1
52733125.0 10.4826231135 2.36764627649 host2
52733240.0 10.4301812385 2.41553417244 host2
52733519.0 10.4489994941 2.24364804389 host2
52733649.0 6.11002918713 2.07336987855 host1
52733653.0 5.61973543072 2.01166795133 host1
52733921.0 7.89449375458 1.11065342777 host1
52734030.0 7.66285023431 1.2852674939 host2
52734273.0 6.81488667909 0.941144708423 host2
52734420.0 10.6726384308 3.10425609645 host2
52734434.0 10.5502630232 3.68351281134 host2
52734446.0 9.13214572463 1.96729571383 host2
52734844.0 7.76498939268 1.09258863544 host1
52735005.0 8.76201131317 1.48874280036 host1
52735288.0 10.9061809909 3.5048078817 host2
52735349.0 10.0676571872 2.31311976997 host2
52735409.0 8.72717048183 1.72869417373 host2
52735416.0 9.3138873557 2.0371790989 host2
52735463.0 9.07125949915 1.63396439504 host1
52735542.0 10.7423101047 2.60285647063 host2
52735666.0 11.4432039611 4.40238771423 host2
52735684.0 11.7176582018 4.91725359312 host2
52735691.0 9.13941242041 2.04212783697 host2
52735733.0 10.5239974289 2.37087712192 host2
52736425.0 3.6770942071 0.539356133788 host1
52736436.0 8.78254644171 1.4263293178 host1
52736448.0 8.3277694318 1.80434348273 host1
52736491.0 10.2747629745 2.89287724259 host1
52736505.0 7.53056130614 1.02088595756 host1
52736511.0 8.5585772251 1.51414695242 host1
52736526.0 7.21544215181 1.03748629941 host1
52736544.0 8.24446837151 1.224135594 host1
52736547.0 3.80222152261 1.00220984642 host1
52736552.0 8.48266278931 1.46896019183 host1
52736564.0 10.3735640565 2.3273727546 host1
52736565.0 10.4379629176 2.31859153003 host1
52736568.0 6.92120076187 1.87047032596 host1
52736694.0 6.73259700383 0.927341601074 host2
52737142.0 8.05898696077 1.75592280462 host2
52737430.0 11.1599353105 3.975530631 host2
52737477.0 9.9084979833 2.36764627649 host2
52737506.0 10.982159248 3.2161185908 host2
52737512.0 10.9031922975 3.39771444678 host2
52737602.0 10.5799524074 2.50849455817 host2
52960885.0 6.25890800879 0.804638353274 host1
52961192.0 5.42665676819 0.667626742053 host1
52961765.0 5.17318744125 0.754535180595 host1
52962021.0 12.1490535935 5.21490609355 host2
52962173.0 5.9565871871 0.896330971131 host2
52962764.0 9.28095878178 1.99498986264 host2
52962805.0 7.88868707249 1.21776272477 host2
52963234.0 1.02210988614 0.13649746985 host2
52963336.0 7.06692597826 1.71721113727 host2
52963900.0 8.05898696077 1.18106668004 host1
52964081.0 7.91550598276 1.11642890447 host1
52964105.0 9.87703154056 2.23293926065 host2
52964151.0 0.702695211632 0.110560550418 host2
52964241.0 11.4673269388 3.55787928113 host2
52964839.0 8.13284660418 1.69290030122 host2
14337466.0 11.1135245796 3.31788129273 host1
14337695.0 10.5760134675 2.76044331861 host1
14337701.0 7.42487720884 1.45713978383 host1
14339438.0 6.98198544031 1.00579615679 host1
14339524.0 8.59723959996 1.44163735712 host1
14339536.0 9.03424508975 1.49137892799 host1
14339964.0 8.39275363722 1.72678673759 host1
14340041.0 0.238120547881 0.0617483806091 host1
14340086.0 8.99704479355 1.91592068696 host1
14340718.0 6.90280380158 1.33475596516 host1
14340954.0 8.58621367632 1.60190249397 host1
14341257.0 7.32450899851 1.19449246486 host1
14341567.0 9.41798272273 1.93584424918 host1
14342148.0 9.12936322155 2.53423888725 host1
14342236.0 7.31906102231 1.0806432313 host1
14342607.0 9.19658131744 1.84932123541 host1
14342618.0 5.5839030009 0.780842096469 host1
14342624.0 9.39794655793 1.69072325444 host1
14342633.0 11.1911340588 3.14300314553 host1
14342635.0 9.70545097503 1.81236198405 host1
14342642.0 9.37132136637 1.96551223815 host1
14342661.0 9.4579983064 1.89193572261 host1
14342701.0 10.0057246117 2.0371790989 host1
14342708.0 10.5091129341 2.9416761694 host1
14342744.0 9.88201628951 2.06870879067 host1
14342773.0 11.0675031008 3.75390017614 host1
14342809.0 8.52070535609 2.15114265078 host1
14342840.0 10.7828917105 2.74641511322 host1
14343232.0 10.3246841302 2.75285412999 host1
14343241.0 7.15485463232 0.965812900545 host2
14343349.0 9.19288184166 2.09798006456 host1
14343364.0 9.27734207613 1.93584424918 host1
14343404.0 8.27133634697 1.60026385988 host1
14343410.0 1.77309027909 1.21333195423 host1
14343446.0 8.0170890782 1.33932329877 host1
14343552.0 9.27081364825 2.0472387396 host1
14343586.0 9.67287163112 2.0018307357 host1
14343590.0 9.92798944332 2.18730902557 host1
14343799.0 5.09715994889 1.11735920868 host1
14343820.0 8.51083804291 1.46342405217 host1
14343951.0 10.2336804207 2.36521055915 host1
14343966.0 10.6910882949 2.89744145707 host1
14343980.0 11.0140199167 3.01404746767 host1
14344381.0 10.1871015172 2.37294934367 host2
14345019.0 3.57288006336 1.00061005909 host1
14345224.0 11.8674730544 3.64672002316 host2
14345866.0 7.47578331669 2.16673030535 host2
14345961.0 7.97849242549 1.1222360753 host2
14345991.0 7.62376475004 3.22146170283 host2
14345995.0 11.286210545 3.33994445585 host2
14346805.0 10.3696451321 3.23367750126 host2
14346905.0 11.8314538847 3.61221606248 host2
14347018.0 1.38510844075 0.215070419328 host2
14347116.0 11.8123849073 3.55292729125 host2
14347228.0 7.55727878378 2.24364804389 host2
14347293.0 2.00687077303 0.3209483403 host1
14347477.0 4.5924406439 0.530538976466 host2
14347501.0 7.17072562765 0.939848059111 host2
14347503.0 7.06692597826 2.20049257793 host2
14347518.0 11.9943508306 5.36842254439 host2
14347558.0 10.7645910408 3.26258975745 host2
14347565.0 8.07992217445 2.65389709513 host2
14347569.0 11.8030302818 3.53767469101 host2
14347582.0 11.8192026567 3.53767469101 host2
14347618.0 11.2649832329 3.35867467192 host2
14347663.0 6.61843836261 0.915840078059 host2
14347917.0 9.14962158027 2.61681430582 host1
14348073.0 8.2653095947 1.37423032819 host1
14348120.0 6.42910501839 0.897577898383 host1
14348734.0 6.86026404635 0.956606808992 host2
14348756.0 5.81746589082 0.913034852661 host2
14349092.0 11.9432352734 4.23648374179 host1
14349095.0 7.83460481778 1.50902163644 host1
14349276.0 9.33772642674 1.78770339766 host1
14349725.0 9.0545945794 1.76775210796 host1
14350222.0 5.02567788895 0.612077525721 host1
14350304.0 8.58955355479 2.23570466554 host2
18579181.0 8.53789169389 1.46606980125 host1
18580257.0 5.89748501357 0.830250346754 host1
18580653.0 10.9139836982 2.71443202054 host1
18580657.0 11.6487965346 3.5263020889 host1
18580815.0 11.2126143176 2.91718024041 host1
18581091.0 6.91291096553 1.02000538277 host1
18581156.0 8.33383118444 2.55689850323 host1
18581276.0 8.55591568932 1.45713978383 host1
18581370.0 11.3859448614 3.28621163274 host1
18581567.0 1.96703576585 0.226624167093 host1
18582280.0 11.7743473591 4.11520795531 host1
18582284.0 11.2301053102 2.93711997757 host1
18582309.0 7.41227626341 1.17697849719 host1
18582331.0 10.877781992 2.86290041824 host1
18582341.0 11.0318803609 2.89287724259 host1
18582371.0 7.02745324146 0.960829231682 host1
18582382.0 10.8920526188 2.74641511322 host1
18582422.0 10.996126985 2.79735310028 host1
18582965.0 7.04569543154 1.13296783069 host1
18583497.0 9.98340602156 2.09599442987 host2
18583735.0 7.26092057857 1.25857441547 host2
18583737.0 9.29748818336 3.64672002316 host2
18584349.0 10.1255043329 2.71046982082 host2
18584688.0 9.69262557757 1.7756952451 host2
18585238.0 5.92127556126 0.801022800598 host2
18585463.0 5.39314321191 0.784953503063 host1
18585938.0 9.79490816976 1.91372457482 host2
18586416.0 6.83323651361 1.10396869627 host2
18586418.0 9.32124244662 1.683170558 host2
18586483.0 9.56282236054 1.71175339418 host2
18586606.0 9.32213875064 1.7587658799 host2
18586982.0 10.5239974289 2.28497700973 host2
18587066.0 10.1600543489 2.12298756707 host2
18587488.0 8.22619971366 1.71721113727 host2
18587492.0 9.76853892564 1.87731878346 host2
18587692.0 9.65022365034 1.80434348273 host2
18587951.0 9.54147283599 1.74997623477 host2
18588237.0 6.72172165836 0.958689559929 host2
18588340.0 10.4903755009 2.480343222 host2
18588353.0 10.6131716581 3.16530564766 host2
18588436.0 10.0714277583 2.2061262079 host2
18588663.0 6.30415823776 0.822238712764 host2
18588682.0 6.53336943293 0.969464009947 host2
18588745.0 9.59744071046 1.76775210796 host2
18588796.0 10.8124618769 2.96922065289 host2
18588889.0 8.80578356045 1.91146995971 host2
18588895.0 1.38611855909 0.244588894459 host2
18588930.0 9.93184515378 2.11309317631 host2
18589409.0 7.88868707249 1.31736264902 host2
18589481.0 6.26159474698 0.835209892879 host2
18589561.0 10.2867131673 2.19534157228 host2
18590082.0 9.78414203515 1.83294039477 host2
18590282.0 6.13648988741 0.941863949655 host2
18590361.0 10.0567591473 1.91835633427 host2
18590473.0 10.668692702 4.49688677731 host2
18590749.0 1.40476119644 0.158738703932 host2
18590851.0 6.20863732956 0.854737707582 host2
18590852.0 5.51559326652 0.731929973357 host2
18590853.0 6.08876621324 0.796259574456 host2
18590885.0 2.24412539961 0.25062618279 host2
18590921.0 9.36145357256 1.69251480883 host2
18591074.0 0.367278241038 0.0871075181535 host2
18591113.0 9.07125949915 3.01404746767 host2
18591121.0 8.24446837151 1.51298374937 host2
18591248.0 8.71713095255 1.66706098396 host2
18591375.0 10.877781992 2.92168254706 host2
18591423.0 10.3317710132 2.14840208603 host2
18591447.0 8.41352300711 1.67957194877 host2
18591610.0 9.13214572463 3.58488668734 host2
18591827.0 7.70818577964 1.51719044255 host2
18592081.0 7.81036465031 1.65379459408 host2
18592138.0 6.79361771636 1.31953441557 host2
18592182.0 8.42038659464 1.62843928035 host2
18592550.0 8.22961988287 1.74808436734 host2
18592648.0 10.735473038 3.42005737103 host2
18593113.0 9.67667968231 1.78770339766 host2
18593131.0 8.89136002121 1.6813950713 host2
18593132.0 8.64474119918 1.57430024862 host2
18593182.0 1.02165156166 0.133104765465 host2
18593184.0 10.1408483667 2.14840208603 host2
13129171.0 9.02396661875 1.63081528546 host1
13129627.0 10.6726384308 6.00266471358 host1
13129753.0 9.33772642674 1.65379459408 host1
13130028.0 9.59744071046 1.71910132756 host1
13130155.0 6.55675779906 1.24432927001 host1
13130212.0 7.99947071325 1.31953441557 host1
13130516.0 8.05898696077 1.65201983666 host1
13130527.0 8.99704479355 1.77963658825 host1
13131435.0 8.70658340971 1.582896983 host1
13131773.0 11.3961606959 3.55292729125 host1
13131849.0 7.75035483324 1.6106883515 host1
13131866.0 11.3687718593 6.26579679214 host1
13131887.0 8.5585772251 1.48987631741 host1
13131906.0 8.97664254308 1.50902163644 host1
13132316.0 9.87329242688 1.92474259011 host1
13132453.0 12.8375965716 8.26833041147 host1
13132530.0 7.09116918833 1.53216090879 host1
13132602.0 1.75288784136 0.234538020724 host1
13132631.0 7.87017234662 1.65201983666 host1
13132791.0 1.07982321336 0.179942770279 host1
13132987.0 7.30022136852 1.47395456228 host1
13133213.0 9.88607662893 1.86666207345 host1
13133379.0 9.15968482484 1.60190249397 host1
13134186.0 12.0877029722 5.1166085915 host2
13134913.0 7.40372404377 1.33836589371 host2
13134978.0 10.5688820621 2.68148379292 host2
13135230.0 9.63710135447 3.03994318233 host2
13135996.0 5.13722896928 1.44414167455 host2
13136104.0 11.1383511731 3.90456505017 host2
13136147.0 12.6670111362 5.52971519907 host2
13136153.0 10.5651572007 5.22768732397 host2
13136155.0 12.6670111362 5.58531045297 host2
13136457.0 3.3493802812 0.530219602475 host2
13136521.0 2.10156926255 0.398900284548 host2
13137034.0 9.59364895233 1.67957194877 host1
13137467.0 1.54091472567 1.44553157101 host2
13137514.0 10.731738772 3.06605413708 host2
13137817.0 12.5886916125 5.38190585244 host2
13137853.0 7.06993377213 1.43644240101 host2
13138037.0 1.59765245187 0.275230544236 host2
13138218.0 6.72980054705 0.92663874157 host1
13138248.0 9.55769900532 2.15114265078 host2
13138253.0 11.9432352734 5.05619534262 host2
13138419.0 9.6333013563 2.31002156883 host2
13138431.0 9.61728124347 2.15114265078 host2
13138687.0 8.27133634697 1.54047804801 host1
13138904.0 9.43424305926 2.67123352929 host1
26096937.0 1.42399229557 0.167480417533 host1
26097192.0 7.97849242549 1.31259906544 host1
26097259.0 7.10709351986 1.08625142404 host1
26097872.0 7.87017234662 1.11547320958 host1
26098320.0 7.17302757749 1.07019387993 host1
26098328.0 8.80578356045 1.53059196578 host1
26098722.0 10.1869174156 2.14099987203 host1
26098738.0 7.65718587418 1.10898981801 host1
26098791.0 8.1878621246 1.42118846342 host1
26098829.0 7.97263540938 1.12054590557 host1
26099301.0 8.44115713174 1.45329154998 host1
26099327.0 0.201338996944 0.0840613924302 host1
26100054.0 6.21903466865 0.784402485755 host1
26100111.0 9.0749279534 1.70957569326 host1
26100690.0 8.64819223236 1.39998340752 host1
26101282.0 9.73589007783 1.8388631281 host1
26101806.0 2.24147257716 0.302861378575 host1
26101979.0 5.81503320796 0.732443289589 host1
26102368.0 6.04428267187 0.775228176503 host1
26102897.0 9.96690348184 1.87897152904 host1
26102949.0 10.2214227474 2.46139033314 host1
26103105.0 7.46716756672 1.09188993128 host1
26103145.0 6.70852509898 1.03834238255 host1
26103205.0 9.43800002384 1.72869417373 host1
26103319.0 9.65690088648 2.19013374602 host1
26103521.0 0.8150758006 0.116922926174 host1
26103553.0 9.6011277332 1.72094218502 host1
26103677.0 6.13392792413 0.866206249273 host1
26103833.0 8.24085416129 1.70431937502 host1
26103951.0 6.28018066378 1.28407957875 host1
26103961.0 9.98632574043 1.99023008745 host1
26104019.0 8.90819328331 1.76577368715 host1
26104034.0 9.97076578408 1.87047032596 host1
26104270.0 6.70852509898 1.00142075821 host1
26104682.0 5.75132125518 0.822238712764 host1
26104831.0 7.37587213939 1.55101561605 host1
26105077.0 7.72286394829 1.09258863544 host1
26105079.0 7.21544215181 1.03748629941 host1
26105245.0 10.0801516809 2.07142311028 host1
26105633.0 6.62341093812 0.92663874157 host1
26105679.0 1.88878687229 0.230524398799 host1
26105775.0 0.834243438191 0.113758934856 host1
26106856.0 8.11563628191 1.1370808654 host1
26106972.0 0.496938508881 0.150074146053 host1
26107068.0 7.72040984165 1.10325887777 host1
26107079.0 7.34569588737 1.0991965245 host1
26107130.0 9.01387963483 1.60903517226 host1
26107219.0 0.293393441282 0.0901708108534 host1
26107256.0 9.99019126268 4.28129701015 host1
26107594.0 0.256531439311 0.07502458607 host1
26107667.0 1.0984896204 0.153502083482 host1
26107668.0 1.15557833239 0.15695051678 host1
26107669.0 1.11831731168 0.151909831254 host1
26107676.0 0.909705809915 0.128382636906 host1
26107709.0 0.348929123693 0.120211291481 host1
26107867.0 7.78931298681 1.11065342777 host1
26108390.0 0.853089154632 0.121836078997 host2
26109364.0 8.4585195017 1.39866235374 host1
26110551.0 6.809781076 0.816900134435 host2
26110645.0 7.04569543154 1.18723199467 host2
26111450.0 7.27009177722 0.928618396293 host2
26111493.0 6.73259700383 0.801590737896 host2
26111576.0 7.34569588737 1.37655153448 host2
26111623.0 7.17302757749 0.897577898383 host2
26111631.0 6.55956536477 0.772137172783 host2
26111646.0 7.04869508424 1.0935145888 host2
26111677.0 6.79071718219 0.906931008366 host2
26111891.0 6.91825034814 0.940405733639 host2
26111978.0 2.58094182383 0.256591789865 host2
26111980.0 2.4225873019 0.254683687088 host2
26112015.0 2.942258512 0.28369309632 host2
26112026.0 3.20546931939 0.339238828784 host2
26112442.0 0.146222439193 0.0473612564739 host2
26113203.0 1.00271785688 0.141452721331 host2
16578834.0 3.86088548543 0.444225400197 host2
16663040.0 2.30350401644 0.277479126808 host1
16661255.0 0.182968342146 0.0795240775741 host1
16659133.0 6.15520268774 1.53216090879 host2
16663189.0 0.459935459746 0.120156802993 host1
16663479.0 5.17945368462 0.665301690594 host1
16661462.0 1.89017547866 0.226821770609 host1
16659113.0 4.36246188128 0.561449796497 host2
16661473.0 2.36299154033 0.363026973906 host1
16663168.0 0.815736978741 0.157151122508 host1
16663826.0 10.1447377972 2.25730833074 host1
16663477.0 4.82128543994 0.720879558536 host1
16577217.0 3.32898501682 0.609843735446 host2
16660525.0 1.86984703613 0.222831875105 host1
16660453.0 7.34569588737 1.41363289684 host1
16661696.0 1.34770482848 0.176439018899 host1
16578828.0 4.39904633813 0.563635607137 host2
16577588.0 8.10422714282 1.34059231635 host2
16658239.0 5.04437210595 1.26729732482 host2
16661197.0 7.68071020248 1.39730555029 host1
16663097.0 8.20275484143 1.44163735712 host1
16577383.0 9.95131702769 2.6578268337 host2
16657733.0 5.77255557411 0.830865696452 host2
16577148.0 8.03196484309 1.28867765586 host2
16661016.0 8.49648356089 1.56413594767 host1
16578566.0 7.6417488584 1.19449246486 host2
16658804.0 9.10520772627 1.82261368292 host2
16578844.0 4.02969347597 0.466663286702 host2
16578404.0 9.78818346327 2.05928312987 host2
16662866.0 10.8739365398 2.50849455817 host1
16658024.0 9.94454319213 2.08365982335 host2
16578814.0 7.99360123705 1.37423032819 host2
16658904.0 4.21485020926 0.486116898493 host2
16576579.0 8.22361674098 1.38888604091 host2
16663580.0 9.94745799612 2.2271895958 host1
16578217.0 8.80937988531 2.16403334601 host2
16578361.0 9.87329242688 2.06376726618 host2
16578611.0 8.11920730778 1.36696969974 host2
16662537.0 10.5239974289 2.41553417244 host1
16663622.0 11.0000846282 2.99817607545 host1
16578840.0 10.594606868 2.74225619518 host2
16663775.0 13.1520625675 8.29858799219 host1
16661002.0 9.37414850697 1.64296127969 host1
16658993.0 10.0801516809 2.22499384068 host2
16578766.0 10.6131716581 3.35275887558 host2
16659880.0 9.67287163112 5.30285530902 host1
16576711.0 10.6171134899 2.83940090394 host2
16577296.0 10.3885423285 3.25696966204 host2
16660721.0 7.86767939769 1.35258085524 host1
16659337.0 8.846791356 1.58124364246 host1
16659010.0 8.77178915451 1.8940905767 host2
16578232.0 10.463861531 2.4734691138 host2
16659700.0 9.55391567241 1.99023008745 host1
16661100.0 9.8145373943 2.31311976997 host1
16659164.0 10.9422549735 3.45295817108 host2
20438155.0 2.86448709356 0.386390471131 host1
20438220.0 5.9023973021 0.828736650731 host1
20438218.0 5.93867525248 0.849145419067 host1
20421289.0 7.16696018202 0.964579499939 host1
20421513.0 7.97204443042 1.26493692358 host1
20421069.0 8.64724000963 1.67728767621 host1
20421517.0 9.52845946322 2.0147525726 host1
20407709.0 10.9964218424 2.99887090704 host1
20437611.0 8.24418332892 1.34020769343 host1
20421377.0 10.5504219509 2.85377275532 host1
20438339.0 7.82223629466 1.06919518007 host1
20407708.0 11.018264017 3.04575196044 host1
20437318.0 10.5504219509 2.74119094043 host1
20407718.0 10.0394036655 2.60665852368 host1
20437993.0 11.1594294777 3.10834370895 host1
20467100.0 10.9783641743 5.91506671006 host1
10245021.0 8.64119243281 1.51414695242 host1
10245397.0 8.68242186765 1.50600433691 host1
10245691.0 8.82989678145 1.52389804996 host1
10246533.0 5.78408495284 0.667137262605 host1
10246760.0 3.88319197195 0.444485160577 host1
10246898.0 1.92849649319 0.236510869785 host1
10247354.0 7.82564026655 1.33132263704 host1
10247663.0 3.49094569097 0.39980892312 host1
10247704.0 0.0730038724996 0.0661156419755 host1
10247734.0 0.330574545853 0.0750889934778 host1
10247772.0 5.81253194114 0.720377716328 host1
10247786.0 8.65537971323 1.44784909028 host1
10247787.0 7.10937719721 1.02151703877 host1
10249110.0 1.61701223438 0.190838504831 host1
10249130.0 9.85746538094 2.16673030535 host1
10249149.0 9.44334269805 1.75026277363 host1
10249209.0 1.50167056507 0.180028727709 host1
10249215.0 1.42354534635 0.15695051678 host1
10249262.0 8.4757612449 1.76577368715 host1
10249657.0 8.59991050017 2.45794620431 host1
10250031.0 5.57734946836 0.791665449154 host1
10250265.0 9.68572512848 1.83294039477 host1
10250471.0 5.72762457746 1.02681223886 host1
10250837.0 9.58126286878 1.7997681838 host1
10251807.0 3.85963627776 0.460376781388 host1
10251863.0 10.4677904061 2.41553417244 host1
10251967.0 1.17548765278 0.226821770609 host1
10251982.0 5.89748501357 0.817354116961 host1
10252127.0 5.36740849418 0.65417596606 host1
10252159.0 1.81131065415 0.20945221879 host1
10252250.0 6.27814516306 0.869563821934 host1
10252276.0 8.6205579564 1.52234265509 host1
10252580.0 1.92849649319 0.198214812031 host1
10252635.0 11.437245857 4.42959499299 host1
10252648.0 2.36299154033 0.277479126808 host1
10252661.0 1.53916580516 0.178082011699 host1
10252662.0 1.55897130867 0.183552460253 host1
10252770.0 1.9872585116 0.230611148573 host1
10252788.0 1.19457064648 0.27959258057 host1
24697142.0 0.109749719603 0.0841690775614 host1
24706153.0 7.63852918875 1.54725352897 host1
24702506.0 8.1525737892 1.81189167634 host1
24706362.0 11.5051318178 3.88132739518 host1
24700297.0 9.85746538094 1.88329763819 host1
24697846.0 6.87868172501 1.15775953136 host1
24705150.0 10.132959217 3.34549955604 host1
24701885.0 8.62410061558 1.82848151062 host1
24702368.0 9.47421148101 2.65389709513 host1
24705884.0 8.43776695823 1.89193572261 host1
24699032.0 8.8672734483 1.72678673759 host1
24707162.0 8.35118080887 1.57266135467 host1
24698601.0 10.2252148614 2.37402528159 host1
24699560.0 8.66181378485 1.73643006646 host1
24704304.0 10.1447377972 3.48504900493 host1
24706598.0 8.68598274149 1.73835494564 host1
24699011.0 6.91602227009 1.72534807647 host1
24700023.0 8.91534306577 1.63740557437 host1
24700323.0 7.2821212224 1.36203606852 host1
24705102.0 9.57379234367 1.83675230671 host1
24707015.0 10.163946533 2.67520773358 host1
24699005.0 4.65337231247 0.792674121266 host1
24703813.0 0.182912203315 0.0705393542672 host1
24706557.0 10.163946533 2.82043630552 host1
24697632.0 0.293393441282 0.0825447221517 host1
24706988.0 10.8518344544 4.65765670871 host1
24707042.0 11.6924898875 4.25425854412 host1
24703649.0 8.50339762498 1.82019351402 host1
24707098.0 9.29376400127 2.11043355232 host1
24706212.0 9.97076578408 1.92474259011 host1
24706953.0 10.1600543489 2.17423363971 host1
24703331.0 11.4004053905 3.55833855714 host1
24705298.0 8.79573694671 1.87464523999 host1
24697320.0 12.0449453775 4.76344269644 host1
24702174.0 10.009593303 1.89193572261 host1
24703795.0 8.35118080887 1.81610366439 host1
24699384.0 8.10422714282 1.3335306611 host1
24706955.0 10.009593303 1.91372457482 host1
24703158.0 8.57658397728 1.82481309355 host1
24699490.0 9.21029525751 1.75444425048 host1
24703735.0 8.93226116022 1.75788317315 host1
24702078.0 10.9667350228 2.84124730222 host1
24700936.0 9.9639862013 1.88805502096 host1
24699396.0 10.7828917105 4.24547969511 host1
24701631.0 8.24446837151 1.4263293178 host1
24706141.0 10.0250999351 2.04914761487 host1
24705286.0 9.98340602156 3.60712859228 host1
24699361.0 6.28018066378 0.883719008638 host1
24706989.0 10.2527587077 3.80743770448 host1
24699253.0 8.20533269776 2.97282787457 host1
24705068.0 12.1908126374 4.65765670871 host1
24700765.0 12.390692622 5.54395626591 host1
24702335.0 10.8082902092 2.6468070061 host1
24705142.0 10.1721844301 3.54603037197 host1
24705240.0 10.4677904061 3.67480520561 host1
24702725.0 11.0000846282 4.39174515568 host1
24705284.0 10.2747629745 2.18730902557 host1
24706608.0 10.7972093071 2.72424414653 host1
24697739.0 10.1186820063 3.47397509807 host1
24699236.0 12.1908126374 4.61658897976 host1
24697143.0 0.146326669778 0.0750572367052 host1
8455980.0 11.5319539373 4.99997424904 host1
8456186.0 1.42458416331 0.185454555047 host1
8458848.0 1.06082696997 0.178146169554 host1
8458858.0 1.15641775863 0.185454555047 host1
8459215.0 0.127936885808 0.0617483806091 host1
8459350.0 2.96243948018 0.327748425195 host1
8459357.0 11.688691748 3.88132739518 host1
8459416.0 7.99612667969 1.44271421725 host1
8459538.0 11.9628862474 4.88395113456 host1
8459541.0 5.83627634347 0.839574753768 host1
8459630.0 5.80529042767 0.993125332065 host1
8459721.0 5.44780980205 0.689457588484 host1
8459763.0 12.1490535935 6.00266471358 host1
8459821.0 8.20533269776 2.12298756707 host1
8459842.0 0.0 0.0825174058423 host1
8459917.0 10.009593303 3.17064976287 host1
8459999.0 1.92849649319 0.238490034348 host1
8460037.0 10.4826231135 3.58488668734 host1
8460064.0 8.39960444133 1.46896019183 host1
8460151.0 5.57481606311 0.696862110374 host1
8460257.0 7.74718731419 1.36203606852 host1
8460361.0 1.00433143521 0.151909831254 host1
8460517.0 11.488216084 5.93983290349 host1
8461054.0 9.36737296893 2.82704638669 host1
8461081.0 12.1337831673 5.42129404704 host1
8461092.0 11.8514242344 4.79576965242 host1
8461119.0 8.5352348796 1.51298374937 host1
8461145.0 5.79379292153 0.772137172783 host1
8514373.0 10.561329029 2.71046982082 host1
8514864.0 10.106246302 2.37087712192 host1
8515089.0 11.7340355813 4.49688677731 host1
8515150.0 6.13392792413 1.45968713053 host1
8515549.0 10.9860066831 4.36361087996 host1
8515620.0 2.12480459032 0.266878837602 host1
8515979.0 0.721151884725 0.112106970574 host1
8516464.0 8.68242186765 1.96729571383 host1
8516596.0 8.95268897796 1.91372457482 host1
8516642.0 7.15781131671 1.2271469972 host1
8516858.0 8.70032269095 1.68749610717 host1
8517135.0 4.94749852672 4.5069115953 host1
8517288.0 2.20550212582 0.269229081747 host1
8517495.0 10.9602443426 4.61658897976 host1
8517538.0 10.3127944182 3.1209382022 host1
8517543.0 11.2086601596 4.53621653869 host1
8517574.0 8.98985140131 1.87897152904 host1
8517576.0 6.21434966399 0.825470404659 host1
8517693.0 1.67586736125 0.196457288305 host1
8517737.0 11.1950888706 4.28129701015 host1
8517906.0 1.27103339553 0.181831809718 host1
8517951.0 7.89771106427 1.32772667316 host1
8518123.0 10.106246302 2.35624981328 host1
8518160.0 10.0250999351 2.36764627649 host1
7468499.0 1.4823795998 0.21144929099 host1
7468889.0 6.89994241819 1.0276550719 host1
7469450.0 11.8314538847 4.45811187821 host1
7469488.0 7.24892207853 1.05117670782 host1
7469500.0 4.08845985718 0.482976930819 host1
7469786.0 0.109619909304 0.115312979789 host1
7469992.0 9.19288184166 1.58124364246 host1
7470442.0 11.9943508306 4.46797999586 host1
7470489.0 7.84319011008 1.18533132033 host1
7470557.0 9.51410276644 1.79575345161 host1
7470576.0 5.47559056941 0.69820910977 host1
7470786.0 8.97664254308 2.64439685232 host1
7471054.0 9.29748818336 1.77769192731 host1
7471380.0 8.60688614805 1.42254341138 host1
7471640.0 2.32234251974 0.266878837602 host1
7471725.0 4.40047490602 0.57987106113 host1
7471919.0 8.26790272969 1.38254218259 host1
7472474.0 5.72762457746 0.834589859195 host1
7472487.0 7.55727878378 1.13985038309 host1
7472589.0 6.32544101221 0.975856625907 host1
7472773.0 8.12176446804 1.29084193126 host1
7472782.0 8.40344670767 2.10275889644 host1
7472801.0 9.11912325644 1.48483026462 host1
7472861.0 8.98325034499 1.62190727201 host1
7472964.0 7.99612667969 1.20593886034 host1
7472988.0 9.05093143793 1.52234265509 host1
7472991.0 9.34325238573 2.5105134449 host1
7473011.0 7.61742877769 2.70640465679 host1
7473180.0 10.2527587077 2.2520945536 host1
7473189.0 9.91235032243 2.19013374602 host1
7473208.0 8.62410061558 2.31311976997 host1
7473258.0 3.75941917459 0.428478334811 host1
7473286.0 9.25065835901 2.26581643308 host1
7473348.0 8.74146221447 1.46496505321 host1
7473493.0 1.63773112075 0.260948980863 host1
15347272.0 6.0088235535 0.776749586522 host1
15350331.0 7.64488004992 1.1527323755 host1
15345525.0 1.85109666225 0.273273094588 host1
15342838.0 0.478359364469 0.0994317243462 host1
15350583.0 1.77100888223 0.20175955739 host1
15344824.0 7.43212792659 1.15154517837 host1
15345891.0 1.21366672881 0.164045217409 host1
15345304.0 0.256452615375 0.0947665304656 host1
15347918.0 10.7278993452 2.7830636607 host1
15350393.0 8.75122399014 1.65552294131 host1
15345361.0 11.488216084 3.14828114615 host1
15350387.0 7.89118548941 1.23138485283 host1
15350688.0 9.97452124326 2.3593649556 host1
15350342.0 9.67667968231 2.52448216092 host1
15343167.0 9.47136712744 2.07142311028 host1
15349224.0 7.72611356621 1.21333195423 host1
15342727.0 7.04026690361 1.0467016319 host1
15348707.0 5.13722896928 0.69820910977 host1
15348661.0 10.9242337996 2.85409662204 host1
15344065.0 7.86061400779 1.23459642333 host1
15350610.0 7.72611356621 1.25857441547 host1
15345113.0 9.47797741531 1.9811066664 host1
15350332.0 7.76498939268 1.15674911897 host1
15350607.0 8.05898696077 1.33932329877 host1
15348204.0 10.3127944182 2.74225619518 host1
15350691.0 9.7123585203 2.28194246556 host1
15350330.0 8.10084805557 1.37522847755 host1
15349129.0 10.4865538094 2.76465019645 host1
15349984.0 8.56210135171 1.50753306177 host1
15350061.0 8.67973255757 1.58862523262 host1
15348323.0 7.2790331067 1.12710422811 host1
15347303.0 10.2104620179 2.88464465932 host1
15349403.0 11.3303702339 2.97282787457 host1
15348473.0 11.3130885174 3.05613136602 host1
15349423.0 10.6871413856 2.83499462343 host1
15348797.0 7.50943579925 1.10325887777 host1
15350533.0 11.7705633115 4.1069403248 host1
15349408.0 8.98325034499 1.83294039477 host1
15349393.0 11.416241053 3.2805195307 host1
15349472.0 8.92863072973 1.97871875601 host1
15344905.0 10.2405309464 2.67520773358 host1
15350534.0 11.589144791 4.28129701015 host1
15343198.0 10.5013570791 2.72424414653 host1
15343263.0 11.6556654032 4.92905583703 host1
15345380.0 9.67667968231 2.31311976997 host1
15348298.0 11.3130885174 2.93244623115 host1
15344902.0 10.778939799 2.79735310028 host1
15343458.0 11.4503351103 3.18784956583 host1
15342640.0 8.42797125324 2.04457720588 host1
15350516.0 10.2557084522 2.93244623115 host1
15342943.0 7.53614575958 1.11065342777 host1
15347759.0 9.79490816976 2.58991667798 host1
6586469.0 1.88878687229 0.230524398799 host1
6587066.0 4.92048876854 0.812016324452 host1
6587676.0 7.95417564138 1.52234265509 host1
6589771.0 10.4983866137 3.2762310682 host1
6590594.0 7.79249486136 1.50090567778 host1
6590633.0 4.90329050201 0.664853487023 host1
6590711.0 1.65299790562 0.264264073584 host1
6591155.0 7.74718731419 1.07665184802 host1
6591170.0 7.38492756281 0.995450710116 host1
6591239.0 11.2649832329 3.45919126768 host1
6591296.0 7.34023408624 1.05850876795 host1
6591356.0 6.59930524182 0.930722201753 host1
6591570.0 5.90002193811 0.835209892879 host1
6591578.0 6.01459299651 0.823484518099 host1
6591833.0 11.4712630592 4.54640155022 host1
6592072.0 11.4542729237 3.59155001533 host1
6592484.0 8.57925020842 1.58988338219 host1
6592508.0 1.06049607706 0.139911497858 host1
6592521.0 0.739680647565 0.118496996059 host1
12947070.0 9.25717818299 1.62675652926 host1
12944509.0 9.03424508975 1.82848151062 host1
12943026.0 6.57590524062 1.15598671863 host1
12947152.0 10.7972093071 2.77880808185 host1
12943708.0 8.60344701685 1.38387637529 host1
12946311.0 7.88868707249 1.35975334332 host1
12947600.0 2.30180154396 0.28145664405 host1
12945338.0 8.91181812504 1.45188976249 host1
12944880.0 8.92863072973 1.4818899049 host1
12943386.0 9.39419874091 1.67032452164 host1
12945427.0 6.36033722225 1.00952087073 host1
12943335.0 9.3138873557 1.68888364681 host1
12947368.0 9.0749279534 1.55727732125 host1
12944875.0 9.25346375646 1.75592280462 host1
12943397.0 6.87353229752 1.21142627187 host1
12947252.0 7.85244497601 2.11309317631 host1
12946500.0 8.33383118444 1.34769684083 host1
12947477.0 9.27081364825 1.60605701337 host1
12947236.0 9.39916432343 1.64492111888 host1
12943155.0 9.21309314957 2.14840208603 host1
12944473.0 10.7717845634 3.11153784644 host1
12944607.0 11.2126143176 3.38337657777 host1
12945792.0 10.6356508613 2.82043630552 host1
12944712.0 11.1177001452 3.2762310682 host1
12947386.0 9.37789168408 1.60903517226 host1
12957919.0 1.61768645776 0.180028727709 host1
12959445.0 6.43186111878 0.848367061533 host1
12954695.0 1.7147183994 0.228770805363 host1
12957896.0 0.8150758006 0.108919340116 host1
12958061.0 7.06993377213 1.00142075821 host1
12959392.0 6.49293257848 0.870061086904 host1
12954742.0 1.28964690355 0.174569331481 host1
12956548.0 8.89487949558 1.74022961545 host1
12959383.0 1.81131065415 0.228657065697 host1
12957139.0 6.19775615806 1.55727732125 host1
12958615.0 0.966441555666 0.140024861738 host1
12959906.0 6.49293257848 0.843330911957 host1
12955055.0 8.88500739689 1.57999650095 host1
12958364.0 0.665229713078 0.108968236929 host1
12955666.0 2.68206900002 0.346417742303 host1
12959952.0 7.72286394829 1.29084193126 host1
12958230.0 8.05289655426 1.62190727201 host1
12958287.0 9.15240797744 1.67957194877 host1
12956827.0 6.28549763015 0.784953503063 host1
12960077.0 9.45139585656 1.80434348273 host1
12959943.0 7.06993377213 0.965812900545 host1
12957513.0 9.55105815725 1.80434348273 host1
12957592.0 6.39195593838 0.764584142706 host1
12957397.0 10.7278993452 3.51120837642 host1
12954102.0 6.47165684552 0.870061086904 host1
12959991.0 10.2145766874 2.21161216039 host1
12958114.0 7.26391616232 1.11157639171 host1
12954759.0 11.5220100803 4.24547969511 host1
12954873.0 8.31301040576 1.582896983 host1
12959997.0 9.15609727712 2.24364804389 host1
12958102.0 7.02446174894 0.965044927191 host1
12957284.0 10.3394916483 2.38881412424 host1
12957282.0 10.7095086555 3.40836006553 host1
12953778.0 12.4410174925 6.18016855674 host1
12953118.0 6.70852509898 0.835209892879 host1
12954279.0 10.106246302 2.06376726618 host1
6826213.0 5.85752223765 1.01707924681 host1
6825689.0 7.99947071325 1.32651148824 host1
6826040.0 7.30632840418 1.11157639171 host1
6761896.0 8.00272278872 1.44553157101 host1
6752978.0 9.16596631711 1.59554154524 host1
6752934.0 9.15968482484 2.59357947134 host1
6825879.0 9.09524506116 1.91372457482 host1
6761873.0 7.63852918875 1.36795953695 host1
6826298.0 8.7100520356 1.50090567778 host1
6752920.0 7.55408946033 1.25742474641 host1
6751664.0 9.3138873557 1.94471046519 host1
6752912.0 7.9575054518 1.37655153448 host1
6752924.0 8.54483059576 1.97196446851 host1
6826073.0 11.3476163355 3.328409691 host1
6751348.0 11.5180794704 3.61221606248 host1
6825755.0 11.4303302028 4.26528684514 host1
6825613.0 11.7868171034 3.82048228959 host1
6752272.0 11.5011992988 3.55787928113 host1
6825934.0 11.5349220622 3.99963683879 host1
6751419.0 11.1353623393 3.49998648073 host1
6825746.0 11.5487603087 3.39771444678 host1
6752817.0 12.0684337611 4.61658897976 host1
6825817.0 12.2397203805 4.88395113456 host1
17471664.0 1.03081756356 0.18704120816 host1
17473612.0 0.613258521909 0.0908694229301 host1
17456644.0 3.57902577197 0.470987078298 host1
17474537.0 5.70985761859 0.745596435584 host1
17474282.0 0.314234155587 0.0786609362117 host1
17474609.0 1.88475873641 0.219101912542 host1
17474844.0 0.0183716035323 0.785914388167 host1
17472118.0 4.45614960115 0.644439858643 host1
17471849.0 1.35681719253 0.3424267542 host1
17472010.0 3.33301182477 0.373833588346 host1
17470650.0 1.86450039118 0.207523582225 host1
17474682.0 6.95233829253 1.24591908069 host1
17454970.0 6.62958050004 1.24535080304 host1
17470805.0 1.06829305852 0.151318981882 host1
17454992.0 0.128913666193 0.0726341926541 host1
17471985.0 1.70735992358 0.177873912668 host1
17436461.0 2.14001948781 0.254708773777 host1
17436377.0 1.14584806634 0.15840834054 host1
17454978.0 0.992713036818 0.124479404088 host1
17471663.0 1.04993756036 0.201904391598 host1
17474884.0 5.57985772645 0.781635335181 host1
17456616.0 6.88946627017 0.896800028101 host1
17474764.0 0.29566887915 0.080186382878 host1
17471889.0 7.46270563189 0.994424612719 host1
17472106.0 0.670151219524 0.122835053049 host1
17474533.0 9.28354821736 1.72435885375 host1
17454979.0 0.783477249947 0.0955891641203 host1
17471139.0 8.8002453513 1.42639691136 host1
17473487.0 7.33163119314 0.978211172617 host1
17471879.0 7.1860905971 1.01028002018 host1
17471977.0 1.49350669928 0.194448454352 host1
17454793.0 6.95085111832 1.17539668998 host1
17454801.0 11.8203913175 4.32890385425 host1
17454497.0 11.3495000778 4.11595687876 host1
17473940.0 0.369868173632 0.122737899969 host1
17431822.0 7.09438561606 0.962441621665 host1
17473938.0 0.745399032528 0.109803209507 host1
7724113.0 0.0365010377878 0.0676374297349 host1
7724186.0 1.17412130056 0.172640609651 host1
7724715.0 5.1333464608 0.979537977535 host1
7726837.0 9.34135715391 1.86195147402 host1
7725783.0 5.69001778698 0.772675843243 host1
7725880.0 8.6205579564 1.66114070228 host1
7723498.0 5.09502624775 1.21333195423 host1
7725584.0 0.460123343957 0.0932926873773 host1
7725289.0 2.86072970928 1.2967333486 host1
7724167.0 0.683675336317 0.13661120891 host1
7725879.0 8.73768761312 1.7920803795 host1
7725458.0 8.95268897796 1.73835494564 host1
7723037.0 5.7913005903 0.906931008366 host1
7725408.0 10.2022891704 2.17702994097 host1
7725626.0 9.0481648189 1.69686018343 host1
7723430.0 8.4585195017 1.43644240101 host1
7726781.0 8.53789169389 3.328409691 host1
7724145.0 9.54147283599 2.01837482253 host1
7725073.0 9.92798944332 2.09798006456 host1
7723867.0 10.9212448061 3.44826269569 host1
7726808.0 10.9462120302 3.88132739518 host1
7724005.0 10.8518344544 3.35275887558 host1
7726766.0 9.74887278935 1.92074990149 host1
7726789.0 11.815319156 4.34500136829 host1
7725954.0 10.1869174156 2.1156842004 host1
7725505.0 11.6847842779 4.23648374179 host1
7726263.0 11.1911340588 3.75390017614 host1
7726739.0 12.3368465106 5.84952313012 host1
13875912.0 0.683955803222 0.13667406954 host1
13872490.0 5.57916375888 0.728062021096 host1
13875942.0 1.6952865143 0.21144929099 host1
13876351.0 1.13781830815 0.148556033464 host1
13875126.0 0.330309050011 0.0720457051339 host1
13875884.0 5.6639774851 0.679306467746 host1
13876510.0 3.98659077989 0.740239170339 host1
13873413.0 0.871948127268 0.116975795026 host1
13873179.0 10.1447377972 2.17702994097 host1
13875902.0 9.75930226341 1.96058402698 host1
13875951.0 10.4339974862 2.52798724698 host1
13875852.0 6.03009680822 0.793233532139 host1
13876146.0 6.41057660691 0.87525559812 host1
13872066.0 1.77100888223 0.268706515959 host1
13875748.0 9.19288184166 1.79575345161 host1
13874881.0 7.72286394829 1.19966778501 host1
13871715.0 7.08587571575 0.984613707292 host1
13874068.0 10.561329029 2.54061613615 host1
13876259.0 6.0675048875 0.975076704848 host1
13875856.0 0.909331222238 0.128324020284 host1
13871846.0 1.57711534094 0.30726047535 host1
13872408.0 0.0547932962543 0.0588922766663 host1
13876649.0 1.94807135178 0.402345893263 host1
13875876.0 10.6579942306 2.64439685232 host1
13873802.0 4.630421937 1.5985811527 host1
13870954.0 9.19008774982 2.21161216039 host1
13872692.0 9.69262557757 1.93354628093 host1
13869668.0 4.25325536152 0.821175186892 host1
13875948.0 10.2824698951 2.59357947134 host1
13872999.0 0.721151884725 0.112106970574 host1
13871464.0 7.62064089755 1.27853524726 host1
13870793.0 4.92644719951 1.4061243394 host1
13874880.0 7.62064089755 1.57430024862 host1
13871834.0 5.68334156214 0.747177209011 host1
13876082.0 5.78941849792 0.787527660009 host1
13873662.0 9.41798272273 2.24364804389 host1
13869320.0 2.30350401644 0.27959258057 host1
13874022.0 6.54100440825 0.885049232366 host1
13872289.0 7.72040984165 1.21776272477 host1
13868943.0 7.19729307573 1.06005858703 host1
13871503.0 11.2514041675 3.33994445585 host1
13876652.0 9.7123585203 1.96729571383 host1
13875729.0 9.49131914816 1.90976966613 host1
13869350.0 7.5905224089 1.66706098396 host1
13875812.0 11.0852650531 3.1209382022 host1
13870673.0 7.76825383118 1.95830233768 host1
13871738.0 7.87017234662 1.36795953695 host1
13873746.0 11.3130885174 3.84316744517 host1
13871773.0 5.85752223765 0.736332479415 host1
13872647.0 7.49386199099 1.14578697558 host1
13875587.0 5.43089000386 0.661279030207 host1
13874870.0 7.47271149826 1.61786586041 host1
13875846.0 11.1599353105 3.19326092231 host1
13874010.0 11.071460629 2.83940090394 host1
13875875.0 10.0869638662 2.25730833074 host1
13875820.0 11.4030816472 3.48504900493 host1
13872303.0 7.73803567912 1.18533132033 host1
13872321.0 11.2927873444 3.39771444678 host1
13875927.0 10.0444515502 2.4734691138 host1
13873773.0 11.5517268933 3.55787928113 host1
13873219.0 11.0753080119 3.10927631078 host1
9749224.0 11.173573745 3.16530564766 host1
9749247.0 10.5357684835 2.9896804831 host1
9749522.0 7.59952647981 1.75788317315 host1
9749764.0 11.7340355813 4.16655395952 host1
9749882.0 11.3446348474 3.55292729125 host1
9750024.0 9.73207030176 2.24070582481 host1
9750036.0 2.52108701194 2.04914761487 host1
9750037.0 6.66312021769 0.879144255199 host1
9750270.0 11.0425419939 3.7700675148 host1
9750282.0 11.3859448614 3.61897028441 host1
9750490.0 8.25048334601 1.34769684083 host1
9750877.0 6.93726366501 0.934998447018 host1
9751297.0 10.8194018525 2.62355360239 host1
9751538.0 8.20852950067 1.48214381895 host1
9751615.0 11.1383511731 3.5048078817 host1
9752010.0 6.30145408396 1.53889541219 host1
9752027.0 10.4865538094 2.6066567145 host1
9752339.0 7.25784040279 2.11043355232 host1
9752487.0 10.2175226215 2.41219892398 host1
9752695.0 10.4677904061 2.76465019645 host1
9752747.0 6.04428267187 0.825470404659 host1
9752772.0 5.64093393543 0.974488144314 host1
9752838.0 2.00853139442 0.252776213956 host1
9752884.0 4.59052050177 0.633645369445 host1
9752921.0 5.68763735709 0.709469175346 host1
9752956.0 11.1599353105 3.82048228959 host1
9753074.0 10.1792354935 2.38236732318 host1
9753189.0 9.65309683831 2.58615833926 host1
9753362.0 7.743930273 1.25085796102 host1
9753376.0 4.04569094632 1.06951681667 host1
9753397.0 4.60798272057 1.60605701337 host1
9753403.0 9.09157133447 1.84719059793 host1
9753464.0 11.7868171034 6.06664465097 host1
9753468.0 11.9273923238 4.65765670871 host1
6490448.0 7.828122218 1.31137139305 host1
6491159.0 7.49694131219 1.48483026462 host1
6491910.0 7.743930273 1.42738805855 host1
6492035.0 1.49991542743 0.185204655085 host1
6492166.0 5.93535380768 0.746619948174 host1
6492184.0 6.66312021769 1.0162494348 host1
6492360.0 8.19117500585 1.64643325053 host1
6492976.0 9.49131914816 2.12096206 host1
6494032.0 6.49293257848 1.03748629941 host1
6494198.0 9.57379234367 2.06121083194 host1
6494355.0 9.37132136637 1.92074990149 host1
6494369.0 3.98825288743 0.472249014865 host1
6494389.0 10.4796539879 2.59999196568 host1
6494403.0 6.6659702744 1.24546035997 host1
6494417.0 3.2068346691 0.405122384401 host1
6494446.0 8.87088699722 1.8388631281 host1
6494456.0 8.51454169129 1.57142510292 host1
6494503.0 5.74884681938 0.767536756787 host1
6494523.0 2.12480459032 0.260686496252 host1
6494541.0 5.70640554923 0.755506260522 host1
6494561.0 5.72762457746 0.743638424971 host1
6494567.0 5.40972498947 0.694012585391 host1
6494573.0 5.51559326652 0.705212321782 host1
6494654.0 4.85965683883 0.557343319342 host1
6494847.0 5.19664361195 0.639829607863 host1
6495057.0 4.86536682251 0.637513755452 host1
6495149.0 6.13129371293 1.05917529594 host1
16823607.0 9.48324690142 1.77987030001 host1
16823983.0 8.84026121222 1.60427100445 host1
16824324.0 5.43089000386 1.13886385 host1
16824978.0 7.02745324146 1.89193572261 host1
16825340.0 1.59714956542 0.196290370307 host1
16826562.0 1.26898181076 0.172551586226 host1
16826583.0 1.26778630973 0.183098389263 host1
16826828.0 8.90163233031 1.51953277843 host1
16826909.0 5.62398389197 0.69820910977 host1
16827224.0 8.51719375813 1.36073495106 host1
16827311.0 1.63773112075 0.230837805462 host1
16827359.0 5.47323315874 0.640150514461 host1
16827538.0 9.6011277332 1.82019351402 host1
16827643.0 5.3395896389 0.635460837457 host1
16827768.0 6.85449324426 1.10970526912 host1
16827883.0 5.45440778492 0.683424427121 host1
16828010.0 5.01278736455 0.620354317477 host1
16828529.0 5.21538236898 0.664043001383 host1
16828545.0 9.19008774982 1.63264937178 host1
16828888.0 8.26790272969 1.33932329877 host1
16829044.0 6.98781476202 1.07663573666 host1
16829836.0 9.02396661875 1.54436952074 host1
16829856.0 8.08329430947 1.6813950713 host1
16829860.0 7.51500678664 1.65379459408 host1
16829892.0 0.871318386569 0.172727098854 host1
16830024.0 7.76498939268 1.82639027307 host1
16830152.0 7.73234848992 1.12994079975 host1
16830368.0 7.06465455676 1.01038786681 host1
16830374.0 1.49853897474 0.18319962647 host1
16830463.0 5.16049892226 0.600231803125 host1
16830556.0 6.68223113713 1.06951681667 host1
16830841.0 7.34258408031 1.08133101853 host1
16830990.0 9.71617443567 2.01598008027 host1
16831380.0 10.5357684835 2.15917781832 host1
16831527.0 10.3924633551 2.11309317631 host1
16831812.0 7.51809358786 1.64643325053 host1
16831852.0 8.18445552761 1.746141845 host1
16831908.0 5.25998825193 0.657386645068 host1
16831927.0 9.75558435305 1.94703050812 host1
16832154.0 10.538741499 2.17423363971 host1
16832237.0 5.30396879354 0.616169905275 host1
16832354.0 0.4228324352 0.0963494809582 host1
16832746.0 7.50943579925 1.09188993128 host1
16832748.0 7.2821212224 1.13985038309 host1
16832805.0 9.29748818336 1.92474259011 host1
16832812.0 6.96370994532 0.991116132748 host1
16832825.0 9.15609727712 2.07595161986 host1
16832828.0 6.47443015647 0.986003509067 host1
16832847.0 5.0506705447 0.626360901642 host1
16832852.0 1.59831839512 0.20017039415 host1
16832938.0 8.30956346634 1.33932329877 host1
16833141.0 8.10422714282 1.72869417373 host1
16833193.0 9.79107709994 1.99023008745 host1
16833201.0 8.90163233031 1.47919848125 host1
16833232.0 4.25824086155 0.676574323989 host1
16833235.0 5.22169978619 0.839574753768 host1
16833267.0 9.73207030176 2.0018307357 host1
16833268.0 9.1763478088 1.66293140229 host1
12767641.0 1.96848361334 0.226821770609 host1
12768833.0 0.927933157323 0.128279759145 host1
12769137.0 9.19008774982 1.62372515672 host1
12769156.0 9.43424305926 1.65201983666 host1
12769200.0 0.627560335274 0.116922926174 host1
12769322.0 10.2937916841 4.53621653869 host1
12769488.0 11.3820009868 3.30433140802 host1
12769556.0 6.55675779906 0.990317903457 host1
12769690.0 9.55391567241 1.67957194877 host1
12769745.0 6.26420778797 0.908313019878 host1
12769961.0 1.67516823871 0.196362181523 host1
12770337.0 1.71270736686 0.203627583301 host1
12770719.0 3.36978597409 0.488977836389 host1
12770724.0 9.21679765095 1.56576054995 host1
12770864.0 8.5585772251 1.4818899049 host1
12772195.0 2.06664935433 0.246594836913 host1
12772268.0 2.50324303594 0.301272408794 host1
12772297.0 10.8124618769 2.77560076074 host1
12772305.0 11.1383511731 4.30833250976 host1
12772315.0 6.1525596939 0.834589859195 host1
12772445.0 9.4579983064 1.88116304418 host1
12772454.0 10.1447377972 2.35624981328 host1
12772959.0 9.26689047751 1.7233416865 host1
12773127.0 11.5463832011 4.26282805436 host1
12773463.0 2.4225873019 0.296755334191 host1
12773587.0 10.1792354935 2.35305281507 host1
12773778.0 6.3227281689 0.834589859195 host1
12773801.0 7.53614575958 1.22607235385 host1
12774098.0 9.59744071046 1.76775210796 host1
12774250.0 9.95506931555 1.97196446851 host1
12774253.0 8.12844335085 1.44553157101 host1
12774420.0 9.41798272273 1.73835494564 host1
12774422.0 11.3343179168 3.40836006553 host1
12774512.0 9.43800002384 1.6721313425 host1
12774629.0 8.68598274149 1.56576054995 host1
12774705.0 8.12176446804 1.58988338219 host1
12774709.0 11.2406229434 3.18377235011 host1
12774773.0 8.43776695823 1.48337966212 host1
12774793.0 4.19225599883 0.482976930819 host1
12775125.0 7.02446174894 1.36795953695 host1
12775188.0 2.48229060924 0.337107236372 host1
12775234.0 9.57379234367 1.81610366439 host1
12775844.0 0.146267284634 0.108919340116 host1
12776052.0 4.71425896521 0.739718057709 host1
12776359.0 9.37789168408 1.70011656692 host1
12776381.0 8.82629467757 1.48987631741 host1
12776400.0 7.57279447284 1.16200901672 host1
12777076.0 7.80708549591 1.30448747743 host1
12777264.0 6.76727072723 0.994843657339 host1
12777360.0 6.19509563218 0.874591668194 host1
12777940.0 6.42112548532 0.909601866291 host1
12778366.0 2.30350401644 0.260819550243 host1
12778546.0 10.7278993452 2.6578268337 host1
12778615.0 8.66536862285 1.50753306177 host1
12778635.0 8.24705643714 1.36795953695 host1
7562791.0 10.668692702 2.41219892398 host1
7562815.0 11.2580459955 4.26528684514 host1
7563429.0 6.62341093812 2.02778657431 host1
7564066.0 8.31301040576 2.10061339534 host1
7564726.0 11.0358380757 2.7830636607 host1
7565207.0 10.3127944182 2.24070582481 host1
7565444.0 8.846791356 1.82639027307 host1
7565891.0 9.81070265677 2.24070582481 host1
7566480.0 10.6726384308 2.44596874377 host1
7567115.0 9.54147283599 2.3161385409 host1
7567178.0 10.6984125463 2.42122929883 host1
7567336.0 10.7828917105 2.49265134499 host1
7567337.0 6.98785399766 1.03381148827 host1
7567338.0 10.2252148614 2.30197588606 host1
7567422.0 10.928190534 2.54061613615 host1
7567540.0 10.8336568034 2.56961427523 host1
7567700.0 10.7423101047 2.48913201813 host1
7567854.0 10.996126985 2.68873525807 host1
7567881.0 10.5730380761 2.32188179138 host1
7568332.0 11.9191232034 4.55634314878 host1
7568458.0 10.6387870825 2.43273433215 host1
7568481.0 8.41352300711 2.11043355232 host1
7568580.0 8.98985140131 1.94471046519 host1
7568699.0 7.85244497601 1.31259906544 host1
7569794.0 9.2736227505 2.11043355232 host1
7569819.0 8.53789169389 1.54725352897 host1
7570020.0 9.834144618 2.21666833689 host1
7570044.0 11.642899167 4.47761167114 host1
12533850.0 8.57658397728 1.23054519439 host1
12535699.0 7.16751113879 1.10226849722 host1
12536830.0 8.5827805475 1.23249771472 host1
12537028.0 7.06692597826 1.04286560163 host1
12537117.0 10.3549986797 1.94724432655 host1
12537123.0 8.5827805475 1.23249771472 host1
12537482.0 8.9934983647 1.6721313425 host1
12537496.0 8.57925020842 1.23138485283 host1
12537529.0 9.25346375646 2.21378564458 host1
12537633.0 7.61500300102 1.18027948126 host1
12537645.0 11.6156051051 4.1258096616 host1
12537929.0 11.3726070171 3.33994445585 host1
12538106.0 8.52412027486 1.22074984578 host1
12538247.0 9.33772642674 1.582896983 host1
12538277.0 3.69919922356 0.483549088991 host1
12538413.0 8.49998884312 1.21968387256 host1
12538562.0 8.74774381186 1.37655153448 host1
12538689.0 0.946419479 0.126576512204 host1
12538763.0 1.02255510426 0.128279759145 host1
12538782.0 0.70218928449 0.107296035357 host1
12538824.0 0.947125999278 0.118537527171 host1
12538967.0 9.59364895233 2.4734691138 host1
12539117.0 8.57925020842 1.23138485283 host1
12539395.0 6.81488667909 1.00142075821 host1
12539655.0 7.70818577964 1.2017770062 host1
12539663.0 0.740213958192 0.108968236929 host1
12539772.0 9.51410276644 1.76577368715 host1
12539794.0 7.57840573281 1.17597098544 host1
12540188.0 7.33046456779 1.1779596379 host1
12540236.0 1.42458416331 0.183640410373 host1
12540392.0 8.63476936441 1.35838400379 host1
12540413.0 8.92863072973 1.92246642976 host1
12540531.0 8.01455829443 1.19263231626 host1
12540613.0 6.55675779906 1.15674911897 host1
12540840.0 10.2336804207 2.40968457735 host1
12540860.0 8.29217874669 1.20701628588 host1
12540868.0 8.37197285753 1.20593886034 host1
12540880.0 8.45238928212 1.21142627187 host1
12540908.0 6.68223113713 0.969464009947 host1
12541208.0 6.55167701795 1.05212578191 host1
12541373.0 8.72089929177 1.70628974258 host1
12541382.0 8.65912903694 1.31044516229 host1
12541414.0 8.75122399014 2.17975425603 host1
12541465.0 9.44334269805 1.62892984358 host1
7432054.0 8.88774080674 1.70770255448 host1
7450789.0 2.18393784384 0.31421755398 host1
7439563.0 10.4826231135 3.01404746767 host1
7439771.0 0.909331222238 0.125042883334 host1
7412301.0 5.6003616747 0.911642224699 host1
7439270.0 0.219655601281 0.087078570431 host1
7412210.0 7.26092057857 1.23249771472 host1
7432351.0 9.37789168408 1.88116304418 host1
7412269.0 6.96370994532 1.11642890447 host1
7432378.0 11.7503729901 3.66786402756 host1
7439726.0 7.15485463232 1.0991965245 host1
7431645.0 9.04430105029 3.29393713526 host1
7438936.0 12.1031076508 4.79576965242 host1
7432469.0 9.91235032243 2.3273727546 host1
7439259.0 11.7868171034 4.71019225638 host1
7432365.0 11.1599353105 3.19326092231 host1
7432370.0 10.5013570791 3.07750596961 host1
7432256.0 11.1664114129 3.13348579437 host1
21254714.0 8.93226116022 1.57430024862 host1
21255851.0 6.15520268774 0.720879558536 host1
21255855.0 10.4151501271 2.64439685232 host1
21256643.0 2.48330970675 0.395202226812 host1
21256767.0 2.80364924433 0.346601327871 host1
21256772.0 9.10908821521 1.56291046899 host1
21257245.0 6.30415823776 0.784402485755 host1
21257594.0 6.33308077271 0.781567566416 host1
21258055.0 10.1677309543 2.49608093643 host1
21258189.0 11.5011992988 3.37738355944 host1
21258669.0 6.34400281773 0.755506260522 host1
21258891.0 1.07982321336 0.129971776206 host1
21259206.0 9.57093162411 2.15917781832 host1
21259263.0 1.21316429007 0.163967951973 host1
21259653.0 1.23226537106 0.146717952508 host1
21259956.0 9.29748818336 2.01598008027 host1
21260054.0 6.24291878741 0.740746285871 host1
21260155.0 9.53779814614 1.95830233768 host1
21260209.0 5.53497880312 0.704844783516 host1
21260628.0 7.59952647981 1.15775953136 host1
21261031.0 12.1982670087 6.56898522646 host1
21261210.0 9.43424305926 1.65201983666 host1
21261218.0 7.25784040279 2.68873525807 host1
21261230.0 11.4982282583 3.2762310682 host1
21261283.0 6.49293257848 0.779733280987 host1
21261300.0 9.43424305926 1.75592280462 host1
21261495.0 0.0730262295711 0.0473764254623 host1
21261571.0 7.02220264119 1.04761720631 host1
21261596.0 9.39794655793 1.90278926154 host1
21262012.0 10.0289717445 2.29898837141 host1
21262144.0 0.0547932962543 0.0488369563528 host1
21262145.0 0.0730262295711 0.053078263618 host1
21262342.0 0.871318386569 0.203732293382 host1
21262407.0 0.256531439311 0.0979051072409 host1
21262419.0 0.534733060337 0.109015796401 host1
21262426.0 6.34672433809 0.788528739841 host1
21262445.0 6.62616630213 0.844573083807 host1
21262481.0 0.909048350487 0.144970271723 host1
10061348.0 11.8229773425 4.80672911489 host1
10061383.0 10.3855805437 2.68570578893 host1
10061512.0 7.83140869055 1.20701628588 host1
10061691.0 10.8557892728 2.74641511322 host1
10061973.0 6.38448513296 0.838478486777 host1
10061998.0 10.0637792962 1.97871875601 host1
10062124.0 11.5319539373 3.66263594352 host1
10062183.0 1.11701870646 0.150000450653 host1
10062319.0 7.26092057857 1.1222360753 host1
10062322.0 7.2790331067 1.08694464534 host1
10062627.0 7.50943579925 1.67819683406 host1
10062898.0 9.834144618 1.96966072349 host1
10063169.0 6.22163072832 0.932158188892 host1
10063398.0 7.90968664389 1.21776272477 host1
10064010.0 1.38611855909 0.171095219977 host1
10064110.0 7.17072562765 1.0314942643 host1
10064113.0 7.91550598276 1.36203606852 host1
10064355.0 6.6761136361 0.938269402319 host1
10064387.0 10.7278993452 2.50849455817 host1
10064617.0 9.67287163112 2.52088545552 host1
10064669.0 10.377183552 2.65977561641 host1
10064871.0 10.3205105899 2.21947690787 host1
10064877.0 10.1408483667 2.02530417321 host1
10064893.0 9.59744071046 1.88116304418 host1
10065220.0 8.5585772251 1.45045010172 host1
10065570.0 10.0250999351 1.97871875601 host1
10066048.0 9.02782472922 1.70628974258 host1
10066058.0 8.74146221447 1.70628974258 host1
10066101.0 10.1447377972 2.06376726618 host1
10066297.0 7.78604117716 1.37522847755 host1
10066342.0 10.3735640565 2.3273727546 host1
10066507.0 9.48163937255 1.88329763819 host1
10066535.0 7.23971559248 1.32651148824 host1
10066798.0 9.73589007783 1.90278926154 host1
10066799.0 10.3205105899 2.43396887665 host1
10066966.0 8.49648356089 1.4818899049 host1
10067168.0 1.71541454954 0.202131185658 host1
10067217.0 10.1600543489 2.16126509459 host1
10067449.0 11.5989513737 4.56832348853 host1
10067737.0 10.4489994941 2.40051759756 host1
10067891.0 9.43140549045 1.89887167952 host1
10067934.0 10.8518344544 2.70640465679 host1
10067991.0 9.83875966718 1.91589635899 host1
10067994.0 10.2557084522 2.09798006456 host1
10068166.0 8.41089506087 1.5294084441 host1
10068811.0 9.0481648189 1.82481309355 host1
10069034.0 7.91873030002 1.30689048251 host1
10069102.0 8.56210135171 1.428791482 host1
10069111.0 11.7666702404 4.78454408981 host1
10069124.0 11.5051318178 4.79576965242 host1
10069143.0 11.2301053102 4.75266270674 host1
10069211.0 7.68071020248 1.23783834285 host1
64551248.0 1.29015287166 0.178765240951 host2
64552096.0 7.84451039666 1.31187842501 host2
64552206.0 8.29886662925 1.31187842501 host2
64552792.0 9.23473999311 1.60493529028 host2
64552956.0 10.5197142748 2.42137868889 host2
64555135.0 8.2420972834 1.2866436187 host2
64555331.0 8.54464614887 1.38210383228 host2
64555685.0 8.85975111866 1.41506400431 host2
64555755.0 6.18758196969 1.77587528869 host2
64555877.0 8.25775019534 1.79866217038 host2
64555878.0 8.26268043654 1.24087835154 host2
64555968.0 9.12090063648 1.54008606915 host2
64556042.0 9.06543697771 1.80565110421 host2
64556343.0 8.62095986474 1.57543628392 host2
64556347.0 9.23473999311 1.78009120608 host2
64556381.0 10.2154750315 2.02173844521 host2
64556478.0 1.36577711127 0.194920639986 host2
64556509.0 9.21080942577 1.61221412559 host2
64556511.0 2.60415585855 0.353931415666 host2
64556534.0 0.91461386683 0.868895282555 host2
64777602.0 8.06725733102 1.33065022224 host2
64777678.0 5.89786464322 0.925816186789 host2
64778489.0 7.19379441096 1.12260008177 host2
64778510.0 6.54071886352 0.882338198563 host1
64778566.0 10.8112239914 2.67813261863 host1
64779651.0 9.44878336364 1.79866217038 host2
64779844.0 9.54157604058 1.86716111571 host2
64779943.0 4.05121232442 0.606298629644 host2
64780087.0 2.19398059204 0.254500882649 host2
64780250.0 8.96503359399 1.84636028112 host2
64780274.0 8.83393223365 1.79990867251 host2
64780476.0 5.93601687156 1.53385373074 host1
64781815.0 4.64753560704 0.555326085101 host1
64781985.0 9.54716412596 1.82894981932 host2
64782021.0 7.94323004918 1.31006613729 host2
64782319.0 7.08542678338 1.71582579491 host1
64783002.0 6.92601198336 0.925816186789 host1
64783025.0 8.18671164933 1.3153485073 host1
64783374.0 5.87317039774 0.772571441532 host1
64784720.0 12.11526963 5.53826823499 host2
64785476.0 9.09617844661 3.06611201011 host2
64785609.0 4.57710529698 1.03742567331 host2
64785618.0 8.50379773254 1.55269261799 host2
64785689.0 10.2343178212 2.98966571151 host2
64785760.0 10.6240544307 2.52382922122 host2
64786363.0 1.23432301788 0.168353112531 host1
64786760.0 5.63612868783 0.662336031597 host1
64786991.0 7.6991033707 1.14729058468 host1
64787045.0 11.5715452867 3.95680979993 host1
64787291.0 6.88829870554 0.885142525958 host1
64787464.0 5.10388175565 0.682098594513 host1
64787691.0 5.14869588776 0.584130739875 host1
64787907.0 6.65748954984 0.91689201972 host1
64788072.0 7.53709416859 1.03175029102 host1
64788531.0 5.45488626435 0.685023422763 host1
64788723.0 5.45835925516 0.696655656636 host1
64788860.0 5.30243290553 0.627888454009 host1
64788916.0 2.86142435008 0.70033437577 host1
64788948.0 3.51622170354 0.698273009413 host1
64789155.0 10.4827724646 3.10133042883 host1
64789162.0 5.38937726495 0.61513313686 host1
64789298.0 4.55955705158 0.923852872198 host1
64789316.0 8.1547825123 1.33946579309 host1
64789319.0 10.7932210666 2.51334783011 host1
64789365.0 5.90151111828 0.734916090161 host1
64789370.0 6.33441584728 0.943822712555 host1
64789581.0 5.66746392327 0.753563896116 host1
64789632.0 6.52736304575 1.7399917011 host1
64789649.0 11.6429440628 3.45941509853 host1
64789684.0 7.53252152621 1.77882815025 host1
64870969.0 5.5384297465 0.667123444578 host1
64871413.0 7.50698263332 1.07215240436 host1
64871502.0 10.5874470036 2.4164316583 host1
64872706.0 7.75664276766 1.998643312 host1
64873110.0 8.46274344626 1.42556951598 host1
64873147.0 5.93979061519 0.822857280027 host1
