ID Vmax(km/s) Vpeak(km/s) Mpeak(Msun) h1dist(Mpc) h2dist(Mpc) HostName R1vir(kpc) R2vir(kpc) ELVISname
13129171.0 23.61 25.17 1360140845.07 0.165767499577 1.0630400785 RomulusRemus 323 280 Romulus&Remus
13129497.0 21.7 21.85 2185915492.96 0.298686815456 0.802921159897 RomulusRemus 323 280 Romulus&Remus
13129627.0 21.31 29.05 1497183098.59 0.0478407582213 0.911701923298 RomulusRemus 323 280 Romulus&Remus
13129753.0 21.29 26.44 1794366197.18 0.0759590692567 0.989231093485 RomulusRemus 323 280 Romulus&Remus
13130028.0 34.28 39.95 5571830985.92 0.192548035263 0.948226071149 RomulusRemus 323 280 Romulus&Remus
13130155.0 22.3 24.04 1921126760.56 0.313036297047 1.06436547451 RomulusRemus 323 280 Romulus&Remus
13130212.0 26.85 32.03 4495774647.89 0.20889761048 0.753129472126 RomulusRemus 323 280 Romulus&Remus
13130516.0 24.93 32.28 2930985915.49 0.248377270694 0.92040348192 RomulusRemus 323 280 Romulus&Remus
13130527.0 25.0 31.38 4132394366.2 0.300863977752 0.818997947112 RomulusRemus 323 280 Romulus&Remus
13131435.0 29.34 32.08 3560563380.28 0.131233369168 1.05246565529 RomulusRemus 323 280 Romulus&Remus
13131773.0 19.07 29.08 2252112676.06 0.228477284364 0.931067078348 RomulusRemus 323 280 Romulus&Remus
13131849.0 54.47 62.79 31154929577.5 0.19993435592 1.1002684898 RomulusRemus 323 280 Romulus&Remus
13131866.0 24.39 31.87 2309859154.93 0.0724388598405 0.996952849701 RomulusRemus 323 280 Romulus&Remus
13131887.0 21.38 23.65 1392112676.06 0.136249154044 1.06749375914 RomulusRemus 323 280 Romulus&Remus
13131906.0 21.87 31.5 2352112676.06 0.314095234453 1.1183386655 RomulusRemus 323 280 Romulus&Remus
13132316.0 24.57 33.63 4626760563.38 0.164270381332 0.806722392922 RomulusRemus 323 280 Romulus&Remus
13132453.0 25.71 58.27 8767605633.8 0.0802658163205 0.913334168154 RomulusRemus 323 280 Romulus&Remus
13132530.0 24.93 31.02 2919718309.86 0.191108964682 1.10703708507 RomulusRemus 323 280 Romulus&Remus
13132589.0 20.33 20.73 1362816901.41 0.239354304823 1.08364283053 RomulusRemus 323 280 Romulus&Remus
13132602.0 17.74 18.59 1521126760.56 0.27191907826 1.16700720975 RomulusRemus 323 280 Romulus&Remus
13132631.0 21.19 27.5 1788732394.37 0.13672412665 0.823949590806 RomulusRemus 323 280 Romulus&Remus
13132791.0 34.03 35.33 11788732394.4 0.228320385365 1.07917833052 RomulusRemus 323 280 Romulus&Remus
13132987.0 20.31 21.08 1559154929.58 0.273976917131 1.08592117105 RomulusRemus 323 280 Romulus&Remus
13133213.0 21.48 30.17 2326760563.38 0.0987002710395 0.912410837508 RomulusRemus 323 280 Romulus&Remus
13133379.0 29.88 31.22 3815492957.75 0.147988968423 1.01941231499 RomulusRemus 323 280 Romulus&Remus
13134186.0 12.17 29.45 1701408450.7 0.946680245492 0.018436673517 RomulusRemus 323 280 Romulus&Remus
13134913.0 16.3 32.28 3539436619.72 0.847062912225 0.100206710575 RomulusRemus 323 280 Romulus&Remus
13134978.0 19.97 25.9 1483098591.55 0.813052494284 0.145878858444 RomulusRemus 323 280 Romulus&Remus
13135230.0 9.75 28.16 1385352112.68 1.00177945486 0.207508717608 RomulusRemus 323 280 Romulus&Remus
13135996.0 31.22 35.03 4225352112.68 1.09217667477 0.184102973308 RomulusRemus 323 280 Romulus&Remus
13136104.0 27.23 33.35 3115492957.75 0.910230162116 0.058941299362 RomulusRemus 323 280 Romulus&Remus
13136147.0 11.83 30.86 1452112676.06 0.944668749678 0.0534373584631 RomulusRemus 323 280 Romulus&Remus
13136153.0 23.95 45.01 7354929577.46 0.938576004428 0.0910272155862 RomulusRemus 323 280 Romulus&Remus
13136155.0 29.22 41.29 3845070422.54 0.957407715772 0.0582420133293 RomulusRemus 323 280 Romulus&Remus
13136457.0 25.57 25.18 2749295774.65 0.97518231257 0.248648718639 RomulusRemus 323 280 Romulus&Remus
13136521.0 20.86 22.11 1488732394.37 0.700385001104 0.267413365326 RomulusRemus 323 280 Romulus&Remus
13137034.0 23.31 32.24 3436619718.31 0.282554612607 0.882639449682 RomulusRemus 323 280 Romulus&Remus
13137467.0 40.16 41.02 8107042253.52 0.969071910533 0.178019313606 RomulusRemus 323 280 Romulus&Remus
13137514.0 29.81 43.07 8709859154.93 0.90216528373 0.101112496542 RomulusRemus 323 280 Romulus&Remus
13137817.0 19.66 31.05 1487323943.66 0.971571715364 0.0488221960182 RomulusRemus 323 280 Romulus&Remus
13137853.0 35.6 37.47 3167605633.8 0.841340027844 0.158275317644 RomulusRemus 323 280 Romulus&Remus
13138037.0 21.88 22.99 1857746478.87 0.936840404055 0.166285782662 RomulusRemus 323 280 Romulus&Remus
13138218.0 25.83 27.99 2522535211.27 0.767477815822 0.193679183358 RomulusRemus 323 280 Romulus&Remus
13138248.0 20.98 25.84 2230985915.49 1.0695993523 0.270293875644 RomulusRemus 323 280 Romulus&Remus
13138253.0 31.85 36.92 3850704225.35 1.09936411911 0.176612545623 RomulusRemus 323 280 Romulus&Remus
13138419.0 20.39 28.73 4125352112.68 1.05998785134 0.13881782813 RomulusRemus 323 280 Romulus&Remus
13138431.0 23.46 38.33 7445070422.54 0.885148897934 0.206516333573 RomulusRemus 323 280 Romulus&Remus
13138687.0 23.76 43.65 7043661971.83 0.269476845911 0.741934437255 RomulusRemus 323 280 Romulus&Remus
13138904.0 22.58 26.23 2057746478.87 0.134782773206 0.817795070919 RomulusRemus 323 280 Romulus&Remus
