ID Vmax(km/s) Vpeak(km/s) Mpeak(Msun) h1dist(Mpc) h2dist(Mpc) HostName R1vir(kpc) R2vir(kpc) ELVISname
22148740.0 23.43 23.83 2198591549.3 0.377100814111 0.967122940575 AshleyMaryKate 317.0 322.0 Sonny&Cher
22148695.0 35.63 40.26 10784507042.3 0.211214195596 0.911555238582 AshleyMaryKate 317.0 322.0 Sonny&Cher
22181473.0 83.68 83.68 115394366197.0 0.839921010045 0.987269027425 AshleyMaryKate 317.0 322.0 Sonny&Cher
22148643.0 18.64 30.28 2047887323.94 0.0799700511785 0.936769985404 AshleyMaryKate 317.0 322.0 Sonny&Cher
22255057.0 29.73 30.43 7040845070.42 1.09477418854 1.4969645266 AshleyMaryKate 317.0 322.0 Sonny&Cher
22149288.0 27.93 33.13 3207042253.52 0.0277796005926 0.982045572692 AshleyMaryKate 317.0 322.0 Sonny&Cher
22149673.0 25.04 25.13 2742253521.13 0.188691215815 0.99694844269 AshleyMaryKate 317.0 322.0 Sonny&Cher
22153572.0 26.38 25.15 2815492957.75 0.277621485031 0.806942687489 AshleyMaryKate 317.0 322.0 Sonny&Cher
22149405.0 21.79 49.66 8570422535.21 0.044094722751 1.00312951904 AshleyMaryKate 317.0 322.0 Sonny&Cher
22153476.0 70.41 72.02 70591549295.8 0.252628482104 1.19705197012 AshleyMaryKate 317.0 322.0 Sonny&Cher
22153947.0 38.46 41.04 12500000000.0 0.349240428941 1.12001829457 AshleyMaryKate 317.0 322.0 Sonny&Cher
22153608.0 23.34 28.94 2349295774.65 0.325390441313 1.04775302354 AshleyMaryKate 317.0 322.0 Sonny&Cher
22153494.0 59.61 59.54 29704225352.1 0.0913227565501 1.05032279071 AshleyMaryKate 317.0 322.0 Sonny&Cher
22147990.0 49.22 51.34 25521126760.6 0.27092445388 0.881273468344 AshleyMaryKate 317.0 322.0 Sonny&Cher
22151494.0 30.44 30.43 4423943661.97 0.209591137105 1.01946341739 AshleyMaryKate 317.0 322.0 Sonny&Cher
22158819.0 22.31 27.91 2615492957.75 0.895052608504 0.235428539693 AshleyMaryKate 317.0 322.0 Sonny&Cher
22157142.0 16.94 37.21 5070422535.21 0.992936472852 0.0676393856475 AshleyMaryKate 317.0 322.0 Sonny&Cher
22158738.0 19.71 30.1 2060563380.28 0.998787125805 0.0719815723404 AshleyMaryKate 317.0 322.0 Sonny&Cher
22156509.0 20.0 26.53 2497183098.59 0.879383028047 0.0869927681932 AshleyMaryKate 317.0 322.0 Sonny&Cher
22160105.0 27.52 41.97 10773239436.6 0.894082219416 0.148260347794 AshleyMaryKate 317.0 322.0 Sonny&Cher
22158855.0 28.43 33.97 4533802816.9 0.867252864307 0.159713396973 AshleyMaryKate 317.0 322.0 Sonny&Cher
22158652.0 17.51 24.15 2081690140.85 0.964973238449 0.180655636052 AshleyMaryKate 317.0 322.0 Sonny&Cher
22159289.0 13.8 25.39 2032394366.2 0.918016453711 0.175111509801 AshleyMaryKate 317.0 322.0 Sonny&Cher
22158772.0 18.95 61.63 24901408450.7 0.935177060082 0.192790432756 AshleyMaryKate 317.0 322.0 Sonny&Cher
22183675.0 16.69 25.12 2129577464.79 1.19282539715 0.965151017926 AshleyMaryKate 317.0 322.0 Sonny&Cher
22160044.0 20.26 25.71 2556338028.17 0.960583923307 0.159104004067 AshleyMaryKate 317.0 322.0 Sonny&Cher
22158327.0 27.19 42.11 10600000000.0 0.852860238719 0.148029342272 AshleyMaryKate 317.0 322.0 Sonny&Cher
22158177.0 19.59 25.46 2188732394.37 0.748420221938 0.242719320447 AshleyMaryKate 317.0 322.0 Sonny&Cher
22158682.0 17.18 42.83 5473239436.62 0.965316649747 0.168042256472 AshleyMaryKate 317.0 322.0 Sonny&Cher
22160103.0 23.1 27.45 2188732394.37 0.919443889026 0.125578768025 AshleyMaryKate 317.0 322.0 Sonny&Cher
23029158.0 21.83 21.99 2001408450.7 0.147679575744 1.04459003404 CherSonny 299.0 315.0 Hamilton&Burr
23059719.0 43.9 45.07 15605633802.8 1.38239178126 2.31275637695 CherSonny 299.0 315.0 Hamilton&Burr
23063488.0 26.45 26.45 2432394366.2 0.71083502185 1.49237654246 CherSonny 299.0 315.0 Hamilton&Burr
23095594.0 25.85 25.71 2602816901.41 0.700611887043 1.5308317977 CherSonny 299.0 315.0 Hamilton&Burr
23030036.0 18.06 32.0 3856338028.17 0.183044354914 0.882938243299 CherSonny 299.0 315.0 Hamilton&Burr
23030989.0 22.57 24.03 2008450704.23 0.337116715729 1.08176655925 CherSonny 299.0 315.0 Hamilton&Burr
23036565.0 23.49 34.91 3554929577.46 0.1960989623 0.756631453691 CherSonny 299.0 315.0 Hamilton&Burr
23059899.0 24.74 24.7 2200000000.0 1.27348020292 2.19513624351 CherSonny 299.0 315.0 Hamilton&Burr
23036835.0 29.09 34.23 4064788732.39 0.179834726522 0.846675126531 CherSonny 299.0 315.0 Hamilton&Burr
23031630.0 26.12 29.83 2422535211.27 0.219143770761 0.995613989869 CherSonny 299.0 315.0 Hamilton&Burr
23029628.0 36.82 35.2 13242253521.1 0.303497291963 0.83677920932 CherSonny 299.0 315.0 Hamilton&Burr
23101663.0 27.61 27.6 3147887323.94 0.85705507241 1.69015419161 CherSonny 299.0 315.0 Hamilton&Burr
23097073.0 37.31 37.31 5933802816.9 0.526876240217 1.14491466406 CherSonny 299.0 315.0 Hamilton&Burr
23036882.0 49.96 54.08 21183098591.5 0.306318652131 0.868658415357 CherSonny 299.0 315.0 Hamilton&Burr
23097755.0 29.01 30.05 5418309859.15 0.705696840821 0.919694979969 CherSonny 299.0 315.0 Hamilton&Burr
23033230.0 22.96 22.31 3752112676.06 1.18941222375 0.382009258522 CherSonny 299.0 315.0 Hamilton&Burr
23037225.0 29.67 41.78 6518309859.15 0.819073591991 0.171982566483 CherSonny 299.0 315.0 Hamilton&Burr
23064512.0 30.43 33.65 5942253521.13 1.98152050982 1.069838867 CherSonny 299.0 315.0 Hamilton&Burr
23037386.0 24.71 27.01 2405633802.82 0.720896796244 0.361182690787 CherSonny 299.0 315.0 Hamilton&Burr
23064496.0 19.43 31.88 6011267605.63 1.92909421341 1.01952163947 CherSonny 299.0 315.0 Hamilton&Burr
23038777.0 30.92 33.98 3735211267.61 0.931943502433 0.326343127608 CherSonny 299.0 315.0 Hamilton&Burr
23139251.0 24.8 24.53 2556338028.17 1.58188385222 1.05892783545 CherSonny 299.0 315.0 Hamilton&Burr
23096022.0 23.24 23.24 2325352112.68 1.23599626091 0.584424229158 CherSonny 299.0 315.0 Hamilton&Burr
23064498.0 42.39 42.39 29338028169.0 1.94467255367 1.03458838739 CherSonny 299.0 315.0 Hamilton&Burr
23094103.0 30.28 34.3 6711267605.63 1.73377951009 0.840124593541 CherSonny 299.0 315.0 Hamilton&Burr
23033850.0 21.69 27.84 4084507042.25 0.976127768051 0.0726528910018 CherSonny 299.0 315.0 Hamilton&Burr
23035142.0 28.57 33.53 3864788732.39 0.894967481364 0.236684253859 CherSonny 299.0 315.0 Hamilton&Burr
23059089.0 81.37 81.37 91253521126.8 2.11562899405 1.26061450624 CherSonny 299.0 315.0 Hamilton&Burr
10500108.0 23.2 23.86 2160563380.28 0.277676769314 1.19807023618 FrodoSam 299.0 277.0 Hall&Oates
10501279.0 10.12 32.84 2167605633.8 0.0833766581816 1.00014165878 FrodoSam 299.0 277.0 Hall&Oates
10500582.0 39.68 42.55 19704225352.1 0.333402581116 1.14238607131 FrodoSam 299.0 277.0 Hall&Oates
10570946.0 33.9 34.07 6243661971.83 1.21182008601 1.69498812933 FrodoSam 299.0 277.0 Hall&Oates
10572833.0 26.46 32.61 5374647887.32 0.60209286583 1.53528234032 FrodoSam 299.0 277.0 Hall&Oates
10503241.0 44.83 59.84 30225352112.7 0.213934959813 0.924671422954 FrodoSam 299.0 277.0 Hall&Oates
10504084.0 25.3 25.83 2153521126.76 0.320171128736 0.894797924522 FrodoSam 299.0 277.0 Hall&Oates
10504558.0 17.45 29.23 3215492957.75 0.0963355221649 0.926889481701 FrodoSam 299.0 277.0 Hall&Oates
10502648.0 22.36 29.7 2236619718.31 0.225249252053 1.11853867785 FrodoSam 299.0 277.0 Hall&Oates
10498934.0 24.4 25.18 2287323943.66 0.423664579189 1.34383565432 FrodoSam 299.0 277.0 Hall&Oates
10499245.0 49.59 66.35 61338028169.0 0.144918994536 1.07608456659 FrodoSam 299.0 277.0 Hall&Oates
10502498.0 23.63 30.16 2445070422.54 0.138109492427 1.08146058395 FrodoSam 299.0 277.0 Hall&Oates
10503322.0 16.33 28.87 2388732394.37 0.0899610012708 1.02570407962 FrodoSam 299.0 277.0 Hall&Oates
10571270.0 44.93 44.93 16338028169.0 0.814165837596 1.61665279441 FrodoSam 299.0 277.0 Hall&Oates
10554135.0 26.25 28.66 3254929577.46 0.592642108122 1.29225697678 FrodoSam 299.0 277.0 Hall&Oates
10505798.0 21.97 29.78 3708450704.23 1.0269850596 0.065136283053 FrodoSam 299.0 277.0 Hall&Oates
10509028.0 15.3 33.48 2498591549.3 0.980235120514 0.0936157176904 FrodoSam 299.0 277.0 Hall&Oates
10505401.0 25.8 26.08 4195774647.89 1.13612791095 0.211772225986 FrodoSam 299.0 277.0 Hall&Oates
10551690.0 25.75 25.66 3078873239.44 1.85568716213 0.962079241936 FrodoSam 299.0 277.0 Hall&Oates
10507468.0 16.67 25.05 2040845070.42 0.727533330013 0.260254826444 FrodoSam 299.0 277.0 Hall&Oates
10507190.0 33.12 34.07 5156338028.17 1.16164552362 0.474343441251 FrodoSam 299.0 277.0 Hall&Oates
10508987.0 76.19 77.92 62309859154.9 1.19676268857 0.286169108014 FrodoSam 299.0 277.0 Hall&Oates
10508150.0 23.91 28.88 3300000000.0 0.897951815303 0.191470284036 FrodoSam 299.0 277.0 Hall&Oates
10509039.0 11.01 29.09 2380281690.14 0.946931918944 0.0432103563266 FrodoSam 299.0 277.0 Hall&Oates
10506473.0 22.05 43.53 10457746478.9 1.41447054828 0.447116885638 FrodoSam 299.0 277.0 Hall&Oates
10506472.0 38.68 44.73 10885915493.0 1.4152174672 0.447092416224 FrodoSam 299.0 277.0 Hall&Oates
10507462.0 17.66 28.15 2615492957.75 0.659255646121 0.456327587691 FrodoSam 299.0 277.0 Hall&Oates
10505259.0 22.6 61.67 24352112676.1 0.985265730959 0.244206080189 FrodoSam 299.0 277.0 Hall&Oates
10505960.0 27.03 36.11 4092957746.48 0.908703491961 0.0882508439958 FrodoSam 299.0 277.0 Hall&Oates
10507622.0 17.42 37.85 6264788732.39 0.840971838652 0.150234875954 FrodoSam 299.0 277.0 Hall&Oates
80175824.0 46.23 45.26 9152112676.06 0.0494308009898 0.700822291844 HodorBran 346.0 306.0 Scylla&Charybdis
80177653.0 27.33 33.1 4192957746.48 0.266195304412 0.675573206037 HodorBran 346.0 306.0 Scylla&Charybdis
80190584.0 31.33 31.67 7201408450.7 1.43477451571 1.99279165893 HodorBran 346.0 306.0 Scylla&Charybdis
80180681.0 23.55 25.08 2115492957.75 0.387952798079 0.624060263324 HodorBran 346.0 306.0 Scylla&Charybdis
80222869.0 30.01 30.08 4914084507.04 1.63850693771 1.77450138396 HodorBran 346.0 306.0 Scylla&Charybdis
80180494.0 21.36 30.88 4061971830.99 0.207728607491 0.664538945822 HodorBran 346.0 306.0 Scylla&Charybdis
80213508.0 26.83 26.62 3367605633.8 1.5476046056 2.24842577555 HodorBran 346.0 306.0 Scylla&Charybdis
80176870.0 25.34 27.54 2059154929.58 0.268353527554 0.906482082077 HodorBran 346.0 306.0 Scylla&Charybdis
80222594.0 35.24 36.12 9967605633.8 1.48855046352 1.49877347335 HodorBran 346.0 306.0 Scylla&Charybdis
80179366.0 29.25 32.23 2107042253.52 0.204595413142 0.703070822205 HodorBran 346.0 306.0 Scylla&Charybdis
80206275.0 27.83 30.52 3152112676.06 0.613288284202 1.20010716724 HodorBran 346.0 306.0 Scylla&Charybdis
80173685.0 25.1 25.22 2605633802.82 0.287482421774 0.965436302567 HodorBran 346.0 306.0 Scylla&Charybdis
80180564.0 34.35 45.48 8950704225.35 0.101981809293 0.750704841054 HodorBran 346.0 306.0 Scylla&Charybdis
80178030.0 23.18 30.87 2163380281.69 0.235535344339 0.785112152653 HodorBran 346.0 306.0 Scylla&Charybdis
80177344.0 22.09 36.34 3238028169.01 0.129326140992 0.696911225124 HodorBran 346.0 306.0 Scylla&Charybdis
80350285.0 29.01 29.01 3307042253.52 1.74713033993 1.16829495903 HodorBran 346.0 306.0 Scylla&Charybdis
80347409.0 28.95 32.43 4011267605.63 1.39021483271 0.695982512287 HodorBran 346.0 306.0 Scylla&Charybdis
80179287.0 29.35 34.68 3390140845.07 0.400411959306 0.348282715948 HodorBran 346.0 306.0 Scylla&Charybdis
80199192.0 23.4 23.4 3195774647.89 1.18513414301 1.08624233824 HodorBran 346.0 306.0 Scylla&Charybdis
80308803.0 26.23 31.07 2759154929.58 1.52773946381 0.883967770253 HodorBran 346.0 306.0 Scylla&Charybdis
80303868.0 29.4 30.96 3436619718.31 0.821616056113 0.139107791241 HodorBran 346.0 306.0 Scylla&Charybdis
80179293.0 24.21 28.25 2267605633.8 0.887554796149 0.388903838495 HodorBran 346.0 306.0 Scylla&Charybdis
80183213.0 40.44 39.06 9947887323.94 0.439540504378 0.268163296631 HodorBran 346.0 306.0 Scylla&Charybdis
80194102.0 62.06 62.06 46619718309.9 1.43240511477 0.931011737512 HodorBran 346.0 306.0 Scylla&Charybdis
80347585.0 23.24 23.31 2843661971.83 1.27389708033 0.58634266829 HodorBran 346.0 306.0 Scylla&Charybdis
80350552.0 32.97 36.18 7711267605.63 1.53501678623 0.836246948181 HodorBran 346.0 306.0 Scylla&Charybdis
80304144.0 64.37 78.31 55971830985.9 0.81120011114 0.166997734727 HodorBran 346.0 306.0 Scylla&Charybdis
80183034.0 35.08 37.45 5342253521.13 0.636169931161 0.247489659023 HodorBran 346.0 306.0 Scylla&Charybdis
80350744.0 23.97 24.17 2185915492.96 1.44390984014 0.756953988697 HodorBran 346.0 306.0 Scylla&Charybdis
80199038.0 19.87 20.02 2287323943.66 1.2075334667 0.660399853178 HodorBran 346.0 306.0 Scylla&Charybdis
20947296.0 27.49 27.49 3328169014.08 0.810492963743 0.954075191969 JerryTom 266.0 338.0 Kek&Kauket
20976668.0 34.11 34.11 7357746478.87 1.35904547133 1.53256258333 JerryTom 266.0 338.0 Kek&Kauket
20829419.0 29.89 29.89 4729577464.79 0.413213103177 1.32446829499 JerryTom 266.0 338.0 Kek&Kauket
20937200.0 36.41 36.96 11457746478.9 0.799991564873 1.76550528656 JerryTom 266.0 338.0 Kek&Kauket
20827497.0 26.21 33.43 4459154929.58 0.232916925507 0.843910849157 JerryTom 266.0 338.0 Kek&Kauket
20828069.0 22.9 23.1 2307042253.52 0.444377490984 0.75941338515 JerryTom 266.0 338.0 Kek&Kauket
20935404.0 29.63 30.87 4461971830.99 0.669493412573 1.09657174745 JerryTom 266.0 338.0 Kek&Kauket
20947868.0 47.33 47.33 23901408450.7 1.2049624652 1.34199814199 JerryTom 266.0 338.0 Kek&Kauket
20830038.0 33.59 39.38 7581690140.85 0.205209395624 1.18279249972 JerryTom 266.0 338.0 Kek&Kauket
20838033.0 22.82 22.82 2450704225.35 0.532977817826 0.811173706054 JerryTom 266.0 338.0 Kek&Kauket
20837743.0 25.18 33.09 4888732394.37 0.221444462272 1.09035421402 JerryTom 266.0 338.0 Kek&Kauket
20829414.0 20.83 21.61 2794366197.18 0.409000883949 1.35120737137 JerryTom 266.0 338.0 Kek&Kauket
20865310.0 58.58 59.2 45366197183.1 0.944608373544 1.83526516859 JerryTom 266.0 338.0 Kek&Kauket
20831241.0 19.4 25.96 2673239436.62 0.225365517647 1.01753127259 JerryTom 266.0 338.0 Kek&Kauket
20827252.0 30.19 30.3 4580281690.14 0.41405955803 0.764247842606 JerryTom 266.0 338.0 Kek&Kauket
20960218.0 28.21 28.21 2869014084.51 2.20646469973 1.21819132233 JerryTom 266.0 338.0 Kek&Kauket
20834706.0 26.6 30.74 4409859154.93 1.1844539217 0.603402307892 JerryTom 266.0 338.0 Kek&Kauket
20833387.0 25.75 31.36 2870422535.21 1.08955439598 0.140099466607 JerryTom 266.0 338.0 Kek&Kauket
20832688.0 17.21 35.84 3016901408.45 1.21366383181 0.191190756513 JerryTom 266.0 338.0 Kek&Kauket
20840314.0 16.61 35.92 2997183098.59 0.88872249509 0.164918293236 JerryTom 266.0 338.0 Kek&Kauket
20834866.0 27.89 32.32 8177464788.73 1.11003552568 0.102409632316 JerryTom 266.0 338.0 Kek&Kauket
20963707.0 22.95 22.95 2298591549.3 1.88333039305 0.845906101944 JerryTom 266.0 338.0 Kek&Kauket
20827948.0 19.97 28.87 2704225352.11 0.635780911468 0.450301063741 JerryTom 266.0 338.0 Kek&Kauket
20850217.0 28.3 29.17 3733802816.9 1.79200440838 1.18844625136 JerryTom 266.0 338.0 Kek&Kauket
20960153.0 41.16 41.16 16098591549.3 2.58464919596 1.56729701953 JerryTom 266.0 338.0 Kek&Kauket
20957590.0 43.19 42.84 20450704225.4 2.49236079652 1.51592152391 JerryTom 266.0 338.0 Kek&Kauket
20840827.0 25.72 26.01 3102816901.41 0.778169527245 0.642820029988 JerryTom 266.0 338.0 Kek&Kauket
20850676.0 28.92 33.41 4464788732.39 1.76344117892 1.04998829307 JerryTom 266.0 338.0 Kek&Kauket
20851738.0 55.76 61.2 32507042253.5 1.60505327076 0.819854585255 JerryTom 266.0 338.0 Kek&Kauket
20839692.0 40.64 42.85 14070422535.2 1.01686173209 0.507299550524 JerryTom 266.0 338.0 Kek&Kauket
52903930.0 23.15 23.3 2219718309.86 1.32841629664 1.4125173389 KobeShaq 295.0 368.0 Serena&Venus
52723256.0 41.3 41.3 9753521126.76 0.565428265291 0.793411816807 KobeShaq 295.0 368.0 Serena&Venus
52736491.0 21.74 34.02 4725352112.68 0.0579478471172 0.69254206515 KobeShaq 295.0 368.0 Serena&Venus
52738999.0 27.19 27.38 3076056338.03 0.477800044125 0.82749688796 KobeShaq 295.0 368.0 Serena&Venus
52897243.0 16.2 26.82 2478873239.44 1.30429489092 1.73933853986 KobeShaq 295.0 368.0 Serena&Venus
52736694.0 21.98 26.42 2329577464.79 0.221423456647 0.760663791494 KobeShaq 295.0 368.0 Serena&Venus
52736559.0 33.33 72.52 49605633802.8 0.104157928325 0.603621825379 KobeShaq 295.0 368.0 Serena&Venus
52734273.0 24.48 32.6 5778873239.44 0.159012766496 0.668816760967 KobeShaq 295.0 368.0 Serena&Venus
52738261.0 21.68 21.68 3135211267.61 1.269783328 1.41918696392 KobeShaq 295.0 368.0 Serena&Venus
52985223.0 29.25 29.25 4263380281.69 1.37238620673 1.97826663381 KobeShaq 295.0 368.0 Serena&Venus
52739730.0 29.58 30.97 3902816901.41 0.686028680542 1.31154343433 KobeShaq 295.0 368.0 Serena&Venus
52897661.0 15.77 48.49 15197183098.6 1.25259410769 1.66198643112 KobeShaq 295.0 368.0 Serena&Venus
52897666.0 21.54 31.1 2969014084.51 1.26230942503 1.67657046518 KobeShaq 295.0 368.0 Serena&Venus
52901787.0 35.05 35.05 11978873239.4 1.4131783162 1.41354112547 KobeShaq 295.0 368.0 Serena&Venus
52964007.0 21.92 21.9 2109859154.93 0.358569999795 0.794000520418 KobeShaq 295.0 368.0 Serena&Venus
52733469.0 21.6 31.84 8390140845.07 0.591175594569 0.437173241141 KobeShaq 295.0 368.0 Serena&Venus
52963059.0 28.07 30.98 5526760563.38 0.924717394811 0.324420304576 KobeShaq 295.0 368.0 Serena&Venus
52962394.0 37.31 38.86 7470422535.21 0.612497987236 0.468743436058 KobeShaq 295.0 368.0 Serena&Venus
52902110.0 37.81 37.81 12483098591.5 2.09234446814 1.466042555 KobeShaq 295.0 368.0 Serena&Venus
52735375.0 23.25 23.88 2557746478.87 0.490045324592 0.253725614714 KobeShaq 295.0 368.0 Serena&Venus
52956891.0 18.19 38.86 3742253521.13 1.61260599177 0.955220186263 KobeShaq 295.0 368.0 Serena&Venus
52901457.0 50.99 53.3 25845070422.5 1.16285163201 0.849273668575 KobeShaq 295.0 368.0 Serena&Venus
52962805.0 34.53 38.19 6687323943.66 0.844365806952 0.211440546118 KobeShaq 295.0 368.0 Serena&Venus
52957996.0 12.67 28.86 3485915492.96 1.72336000321 1.08647378015 KobeShaq 295.0 368.0 Serena&Venus
52739138.0 23.99 23.99 3376056338.03 1.68471751959 1.18139417234 KobeShaq 295.0 368.0 Serena&Venus
52902390.0 30.66 30.66 7198591549.3 1.71489976452 1.43263571339 KobeShaq 295.0 368.0 Serena&Venus
52957371.0 21.88 27.21 2032394366.2 1.7601391965 1.15458288948 KobeShaq 295.0 368.0 Serena&Venus
52733200.0 25.68 26.66 2502816901.41 0.529714231291 0.397741123832 KobeShaq 295.0 368.0 Serena&Venus
52735416.0 27.07 31.11 3173239436.62 0.643851246403 0.0663242906143 KobeShaq 295.0 368.0 Serena&Venus
52739236.0 26.1 25.26 2857746478.87 1.37080925286 0.863870569496 KobeShaq 295.0 368.0 Serena&Venus
14341500.0 24.22 34.3 4763380281.69 0.483381417847 0.986139631363 LincolnDouglas 356.0 287.0 Lincoln&Douglas
14466151.0 25.28 29.73 3467605633.8 0.843144963737 1.52828162771 LincolnDouglas 356.0 287.0 Lincoln&Douglas
14348343.0 27.3 27.46 3391549295.77 0.46673233635 0.54857722974 LincolnDouglas 356.0 287.0 Lincoln&Douglas
14468272.0 25.77 25.61 2909859154.93 0.914764062598 1.60501170491 LincolnDouglas 356.0 287.0 Lincoln&Douglas
14343590.0 22.83 35.97 6338028169.01 0.0763066798063 0.723874185574 LincolnDouglas 356.0 287.0 Lincoln&Douglas
14342661.0 36.07 40.28 2908450704.23 0.0945597909089 0.862737611371 LincolnDouglas 356.0 287.0 Lincoln&Douglas
14341567.0 16.31 30.6 2108450704.23 0.188464419278 0.723914564138 LincolnDouglas 356.0 287.0 Lincoln&Douglas
14340601.0 22.47 22.85 2281690140.85 0.514562931924 1.22149808429 LincolnDouglas 356.0 287.0 Lincoln&Douglas
14377187.0 25.83 25.83 3259154929.58 0.887421254445 0.986279460182 LincolnDouglas 356.0 287.0 Lincoln&Douglas
14342708.0 34.01 42.76 7305633802.82 0.159925990248 0.676635438742 LincolnDouglas 356.0 287.0 Lincoln&Douglas
14343364.0 32.81 36.74 6938028169.01 0.273247899535 0.871727534193 LincolnDouglas 356.0 287.0 Lincoln&Douglas
14342809.0 21.64 33.53 4602816901.41 0.160714621135 0.781119936938 LincolnDouglas 356.0 287.0 Lincoln&Douglas
14339536.0 22.36 31.63 3181690140.85 0.278116559861 0.665357373475 LincolnDouglas 356.0 287.0 Lincoln&Douglas
14348284.0 26.72 27.5 2612676056.34 0.399854397473 0.959667308388 LincolnDouglas 356.0 287.0 Lincoln&Douglas
14411339.0 34.23 34.23 6669014084.51 1.24596231208 1.28255172442 LincolnDouglas 356.0 287.0 Lincoln&Douglas
14401548.0 24.08 24.3 2487323943.66 1.18600887408 0.722863795093 LincolnDouglas 356.0 287.0 Lincoln&Douglas
14348756.0 34.6 36.57 6736619718.31 0.814655703652 0.124031490968 LincolnDouglas 356.0 287.0 Lincoln&Douglas
14350304.0 38.17 47.22 15056338028.2 0.818802424905 0.204767778439 LincolnDouglas 356.0 287.0 Lincoln&Douglas
14345224.0 24.36 44.13 7725352112.68 0.76202319592 0.0976925420453 LincolnDouglas 356.0 287.0 Lincoln&Douglas
14401902.0 29.31 29.96 3769014084.51 1.13177643457 0.552153296328 LincolnDouglas 356.0 287.0 Lincoln&Douglas
14400124.0 27.8 26.47 4308450704.23 1.98671476379 1.26101051705 LincolnDouglas 356.0 287.0 Lincoln&Douglas
14347569.0 27.13 43.82 6487323943.66 0.828561672867 0.171176155278 LincolnDouglas 356.0 287.0 Lincoln&Douglas
14347551.0 48.38 57.95 44169014084.5 0.55300270135 0.335166116026 LincolnDouglas 356.0 287.0 Lincoln&Douglas
14410509.0 22.21 22.7 2014084507.04 0.992856143538 0.518534170116 LincolnDouglas 356.0 287.0 Lincoln&Douglas
14346468.0 40.58 41.37 11769014084.5 1.17143166696 0.443277292207 LincolnDouglas 356.0 287.0 Lincoln&Douglas
14346141.0 26.11 26.2 2970422535.21 1.00554181988 0.450411649755 LincolnDouglas 356.0 287.0 Lincoln&Douglas
14348582.0 34.88 34.99 7378873239.44 0.992775990657 0.280403388188 LincolnDouglas 356.0 287.0 Lincoln&Douglas
14347477.0 42.61 47.93 15394366197.2 0.716202853441 0.243122732306 LincolnDouglas 356.0 287.0 Lincoln&Douglas
14346805.0 16.07 42.3 6356338028.17 0.813551916773 0.0893933376472 LincolnDouglas 356.0 287.0 Lincoln&Douglas
14411641.0 21.56 20.22 2002816901.41 1.57166776716 1.31124298505 LincolnDouglas 356.0 287.0 Lincoln&Douglas
18581091.0 28.11 36.12 4905633802.82 0.178945967803 0.71177829456 PuffBiggie 276.0 369.0 Orion&Taurus
18582272.0 35.8 37.75 4361971830.99 0.314083322489 0.73542976854 PuffBiggie 276.0 369.0 Orion&Taurus
18579181.0 32.28 34.92 6040845070.42 0.177159214898 0.964211834306 PuffBiggie 276.0 369.0 Orion&Taurus
18579269.0 45.14 51.31 18084507042.3 0.420538710445 1.24396231009 PuffBiggie 276.0 369.0 Orion&Taurus
18580257.0 49.72 53.1 21028169014.1 0.0521850924331 0.780488554213 PuffBiggie 276.0 369.0 Orion&Taurus
18722556.0 33.11 34.04 5459154929.58 1.1837585562 1.97625805893 PuffBiggie 276.0 369.0 Orion&Taurus
18706569.0 41.12 41.12 12925352112.7 1.32775467698 1.44757629825 PuffBiggie 276.0 369.0 Orion&Taurus
18711913.0 23.37 23.41 4080281690.14 1.04380678264 1.60602066837 PuffBiggie 276.0 369.0 Orion&Taurus
18612192.0 60.0 57.68 37211267605.6 0.535015981051 1.03293636542 PuffBiggie 276.0 369.0 Orion&Taurus
18581567.0 25.98 31.98 5192957746.48 0.25715729897 0.805761608473 PuffBiggie 276.0 369.0 Orion&Taurus
18703984.0 24.56 21.23 2326760563.38 0.862686105144 1.0020871027 PuffBiggie 276.0 369.0 Orion&Taurus
18582280.0 21.65 31.88 2163380281.69 0.101691831167 0.924232119713 PuffBiggie 276.0 369.0 Orion&Taurus
18700707.0 28.74 28.74 2767605633.8 1.20153884874 1.40900869067 PuffBiggie 276.0 369.0 Orion&Taurus
18580815.0 21.42 32.08 2184507042.25 0.123358050766 0.888382842912 PuffBiggie 276.0 369.0 Orion&Taurus
18586519.0 37.79 39.13 6322535211.27 0.475406457405 0.511994852728 PuffBiggie 276.0 369.0 Orion&Taurus
18587492.0 30.65 35.27 7877464788.73 0.754101796537 0.117053222313 PuffBiggie 276.0 369.0 Orion&Taurus
18706023.0 28.18 28.63 4680281690.14 1.15258059216 0.752534225114 PuffBiggie 276.0 369.0 Orion&Taurus
18607291.0 21.9 22.76 2109859154.93 1.86187814732 1.10102200643 PuffBiggie 276.0 369.0 Orion&Taurus
18697457.0 26.01 26.06 2902816901.41 2.00284546329 1.36215467734 PuffBiggie 276.0 369.0 Orion&Taurus
18593131.0 24.51 32.17 3492957746.48 0.850843303271 0.126085436094 PuffBiggie 276.0 369.0 Orion&Taurus
18590473.0 27.74 44.25 11632394366.2 0.788506742117 0.111383382447 PuffBiggie 276.0 369.0 Orion&Taurus
18591074.0 45.06 45.88 16408450704.2 0.967626343854 0.158837078219 PuffBiggie 276.0 369.0 Orion&Taurus
18593132.0 30.21 39.92 6470422535.21 0.83054602955 0.0581530909557 PuffBiggie 276.0 369.0 Orion&Taurus
18708347.0 25.97 26.03 2735211267.61 0.943940332499 0.90911767262 PuffBiggie 276.0 369.0 Orion&Taurus
18587488.0 24.84 38.21 6512676056.34 0.852258551243 0.0559680403743 PuffBiggie 276.0 369.0 Orion&Taurus
18588663.0 32.95 39.46 7780281690.14 0.674186381006 0.212344633098 PuffBiggie 276.0 369.0 Orion&Taurus
18591610.0 30.02 43.24 10938028169.0 0.703515420891 0.205104789819 PuffBiggie 276.0 369.0 Orion&Taurus
18590852.0 46.92 52.53 16549295774.6 0.89436200609 0.192540402477 PuffBiggie 276.0 369.0 Orion&Taurus
18593113.0 31.75 37.03 3787323943.66 0.885085824137 0.293741359216 PuffBiggie 276.0 369.0 Orion&Taurus
18590749.0 23.77 25.53 2626760563.38 0.745362913115 0.269232509953 PuffBiggie 276.0 369.0 Orion&Taurus
13128254.0 27.54 27.26 5226760563.38 0.351133976751 0.833559607897 RomulusRemus 323.0 280.0 Romulus&Remus
13138904.0 22.58 26.23 2057746478.87 0.134782773206 0.817795070919 RomulusRemus 323.0 280.0 Romulus&Remus
13128331.0 23.66 21.79 2642253521.13 0.327937594157 0.797397944721 RomulusRemus 323.0 280.0 Romulus&Remus
13133379.0 29.88 31.22 3815492957.75 0.147988968423 1.01941231499 RomulusRemus 323.0 280.0 Romulus&Remus
13131435.0 29.34 32.08 3560563380.28 0.131233369168 1.05246565529 RomulusRemus 323.0 280.0 Romulus&Remus
13148309.0 46.85 46.85 30338028169.0 1.02928481968 1.44313466158 RomulusRemus 323.0 280.0 Romulus&Remus
13136727.0 27.5 30.34 3009859154.93 0.530910536361 0.552655142747 RomulusRemus 323.0 280.0 Romulus&Remus
13132316.0 24.57 33.63 4626760563.38 0.164270381332 0.806722392922 RomulusRemus 323.0 280.0 Romulus&Remus
13133213.0 21.48 30.17 2326760563.38 0.0987002710395 0.912410837508 RomulusRemus 323.0 280.0 Romulus&Remus
13129221.0 37.93 38.46 6184507042.25 0.412708609253 0.617620634986 RomulusRemus 323.0 280.0 Romulus&Remus
13130028.0 34.28 39.95 5571830985.92 0.192548035263 0.948226071149 RomulusRemus 323.0 280.0 Romulus&Remus
13218892.0 36.58 36.58 8152112676.06 1.01735211482 1.25413409558 RomulusRemus 323.0 280.0 Romulus&Remus
13179380.0 25.93 26.88 3690140845.07 0.493989908155 1.34204893243 RomulusRemus 323.0 280.0 Romulus&Remus
13131906.0 21.87 31.5 2352112676.06 0.314095234453 1.1183386655 RomulusRemus 323.0 280.0 Romulus&Remus
13177962.0 45.67 45.67 14450704225.4 1.27762608995 2.21273045728 RomulusRemus 323.0 280.0 Romulus&Remus
13147497.0 23.78 26.41 2994366197.18 1.47223021649 0.826644287958 RomulusRemus 323.0 280.0 Romulus&Remus
13168974.0 36.84 36.84 9966197183.1 1.00128937071 0.702317200211 RomulusRemus 323.0 280.0 Romulus&Remus
13137853.0 35.6 37.47 3167605633.8 0.841340027844 0.158275317644 RomulusRemus 323.0 280.0 Romulus&Remus
13136295.0 26.25 27.12 2371830985.92 0.582758791411 0.355760802034 RomulusRemus 323.0 280.0 Romulus&Remus
13135996.0 31.22 35.03 4225352112.68 1.09217667477 0.184102973308 RomulusRemus 323.0 280.0 Romulus&Remus
13169014.0 25.14 25.14 2202816901.41 1.47253590088 0.790184627092 RomulusRemus 323.0 280.0 Romulus&Remus
13136079.0 62.48 62.48 53169014084.5 1.3301850608 0.397488511086 RomulusRemus 323.0 280.0 Romulus&Remus
13138431.0 23.46 38.33 7445070422.54 0.885148897934 0.206516333573 RomulusRemus 323.0 280.0 Romulus&Remus
13136104.0 27.23 33.35 3115492957.75 0.910230162116 0.058941299362 RomulusRemus 323.0 280.0 Romulus&Remus
13138419.0 20.39 28.73 4125352112.68 1.05998785134 0.13881782813 RomulusRemus 323.0 280.0 Romulus&Remus
13227678.0 23.85 24.15 3230985915.49 0.92049992002 0.449793127083 RomulusRemus 323.0 280.0 Romulus&Remus
13134566.0 46.39 51.59 20323943662.0 1.02714208777 0.300064286572 RomulusRemus 323.0 280.0 Romulus&Remus
13138218.0 25.83 27.99 2522535211.27 0.767477815822 0.193679183358 RomulusRemus 323.0 280.0 Romulus&Remus
13137514.0 29.81 43.07 8709859154.93 0.90216528373 0.101112496542 RomulusRemus 323.0 280.0 Romulus&Remus
13136457.0 25.57 25.18 2749295774.65 0.97518231257 0.248648718639 RomulusRemus 323.0 280.0 Romulus&Remus
26238418.0 22.43 22.43 2236619718.31 1.58998443473 2.14996635756 SilentBobJay 362.0 285.0 Zeus&Hera
26104682.0 24.88 31.15 4184507042.25 0.191470789629 0.77923993431 SilentBobJay 362.0 285.0 Zeus&Hera
26097192.0 45.36 53.33 15126760563.4 0.272256558059 0.408112198244 SilentBobJay 362.0 285.0 Zeus&Hera
26106856.0 22.97 31.09 4111267605.63 0.306780638319 0.875382187398 SilentBobJay 362.0 285.0 Zeus&Hera
26104034.0 24.5 33.06 3152112676.06 0.162824150017 0.746499408301 SilentBobJay 362.0 285.0 Zeus&Hera
26105077.0 27.75 30.49 4173239436.62 0.188146086357 0.419262360343 SilentBobJay 362.0 285.0 Zeus&Hera
26103553.0 25.68 37.12 5546478873.24 0.085819833608 0.535181794592 SilentBobJay 362.0 285.0 Zeus&Hera
26240256.0 29.43 29.43 3532394366.2 1.67848946347 1.89338088271 SilentBobJay 362.0 285.0 Zeus&Hera
26244119.0 25.99 25.99 3174647887.32 1.02490617276 1.29854546953 SilentBobJay 362.0 285.0 Zeus&Hera
26107484.0 37.95 38.68 9942253521.13 0.365547406729 0.429881188404 SilentBobJay 362.0 285.0 Zeus&Hera
26098791.0 31.5 39.12 6461971830.99 0.326052775206 0.327139695665 SilentBobJay 362.0 285.0 Zeus&Hera
26101979.0 17.5 35.63 3809859154.93 0.266380417598 0.662496914614 SilentBobJay 362.0 285.0 Zeus&Hera
26098722.0 20.94 31.4 2809859154.93 0.17544111379 0.548989188727 SilentBobJay 362.0 285.0 Zeus&Hera
26101282.0 25.59 31.18 3564788732.39 0.126507613818 0.565333617072 SilentBobJay 362.0 285.0 Zeus&Hera
26240662.0 41.69 41.69 10342253521.1 0.732194226582 1.15463238748 SilentBobJay 362.0 285.0 Zeus&Hera
26110310.0 32.95 33.72 5204225352.11 0.876599658746 0.456134054571 SilentBobJay 362.0 285.0 Zeus&Hera
26224209.0 23.7 23.7 2316901408.45 0.967118082982 0.881869523556 SilentBobJay 362.0 285.0 Zeus&Hera
26113021.0 23.13 23.73 2188732394.37 0.610043775523 0.295401015517 SilentBobJay 362.0 285.0 Zeus&Hera
26113811.0 30.77 32.33 3109859154.93 0.707258535603 0.385851077435 SilentBobJay 362.0 285.0 Zeus&Hera
26112450.0 28.89 46.88 13076056338.0 0.636530908208 0.290807297278 SilentBobJay 362.0 285.0 Zeus&Hera
26108390.0 25.59 25.67 2522535211.27 0.64792678401 0.180149873134 SilentBobJay 362.0 285.0 Zeus&Hera
26222040.0 50.09 50.09 23239436619.7 1.27708334329 0.820330940544 SilentBobJay 362.0 285.0 Zeus&Hera
26145220.0 24.43 26.1 3177464788.73 1.47486514112 1.20439161697 SilentBobJay 362.0 285.0 Zeus&Hera
26145929.0 14.69 29.37 2161971830.99 1.45792757186 1.21091435604 SilentBobJay 362.0 285.0 Zeus&Hera
26112952.0 66.77 66.77 67802816901.4 0.54836154827 0.418286626661 SilentBobJay 362.0 285.0 Zeus&Hera
26310022.0 22.65 29.52 3553521126.76 1.70975256901 1.42949225376 SilentBobJay 362.0 285.0 Zeus&Hera
26108797.0 21.8 21.51 2216901408.45 0.67478101865 0.528153655364 SilentBobJay 362.0 285.0 Zeus&Hera
26108634.0 24.57 24.57 2878873239.44 0.900937943446 0.584106360205 SilentBobJay 362.0 285.0 Zeus&Hera
26113388.0 23.58 27.8 4787323943.66 0.993839857706 0.761494676301 SilentBobJay 362.0 285.0 Zeus&Hera
26110302.0 20.22 28.34 2839436619.72 0.792211186099 0.359459290534 SilentBobJay 362.0 285.0 Zeus&Hera
16663189.0 36.69 38.78 17929577464.8 0.129610181112 0.760332106334 ThelmaLouise 286.0 262.0 Thelma&Louise
16661197.0 23.83 24.94 2583098591.55 0.0648415140176 0.872378975202 ThelmaLouise 286.0 262.0 Thelma&Louise
16663775.0 20.55 30.75 2052112676.06 0.20333110238 0.981363761899 ThelmaLouise 286.0 262.0 Thelma&Louise
16659880.0 16.54 37.42 4398591549.3 0.0888815468986 0.852708272469 ThelmaLouise 286.0 262.0 Thelma&Louise
16663551.0 22.92 24.93 2764788732.39 0.43478915169 1.22439805833 ThelmaLouise 286.0 262.0 Thelma&Louise
16662045.0 25.31 26.11 2071830985.92 0.202867722995 0.90159218638 ThelmaLouise 286.0 262.0 Thelma&Louise
16659700.0 14.08 37.01 2512676056.34 0.0625549851366 0.875332817482 ThelmaLouise 286.0 262.0 Thelma&Louise
16662253.0 19.17 23.24 2935211267.61 0.379917714705 0.833089539436 ThelmaLouise 286.0 262.0 Thelma&Louise
16660453.0 33.3 34.67 3550704225.35 0.0520944657943 0.852506209325 ThelmaLouise 286.0 262.0 Thelma&Louise
16662469.0 29.45 30.6 7945070422.54 0.344384541981 0.703630020193 ThelmaLouise 286.0 262.0 Thelma&Louise
16665024.0 26.41 26.41 2266197183.1 0.646252261673 1.44323177012 ThelmaLouise 286.0 262.0 Thelma&Louise
16662354.0 54.56 54.56 30943661971.8 0.497270076779 0.993701427432 ThelmaLouise 286.0 262.0 Thelma&Louise
16663479.0 43.86 48.24 23507042253.5 0.10699777801 0.847621399621 ThelmaLouise 286.0 262.0 Thelma&Louise
16663885.0 22.96 24.57 2297183098.59 0.650824963038 1.31597163577 ThelmaLouise 286.0 262.0 Thelma&Louise
16665231.0 29.49 34.53 3564788732.39 0.682599314998 1.36441859645 ThelmaLouise 286.0 262.0 Thelma&Louise
16577588.0 24.03 33.11 4800000000.0 0.945140926402 0.137673863316 ThelmaLouise 286.0 262.0 Thelma&Louise
16658902.0 30.51 34.17 8473239436.62 0.668276245166 0.280290269881 ThelmaLouise 286.0 262.0 Thelma&Louise
16576579.0 18.5 25.5 2739436619.72 0.896957837155 0.100953389187 ThelmaLouise 286.0 262.0 Thelma&Louise
16578814.0 16.96 29.66 3497183098.59 1.04466707812 0.224934449664 ThelmaLouise 286.0 262.0 Thelma&Louise
16577230.0 34.63 34.76 3625352112.68 0.817293784106 0.258963990055 ThelmaLouise 286.0 262.0 Thelma&Louise
16578611.0 18.9 28.12 3204225352.11 0.768277962442 0.141563486781 ThelmaLouise 286.0 262.0 Thelma&Louise
16597147.0 23.36 23.34 2177464788.73 1.21755263303 0.415864321745 ThelmaLouise 286.0 262.0 Thelma&Louise
16658014.0 17.6 23.04 2667605633.8 0.532189594162 0.40325421598 ThelmaLouise 286.0 262.0 Thelma&Louise
16577148.0 23.67 31.62 5950704225.35 0.8714382009 0.115349361951 ThelmaLouise 286.0 262.0 Thelma&Louise
16578834.0 52.79 57.69 30690140845.1 0.884305291089 0.103276261134 ThelmaLouise 286.0 262.0 Thelma&Louise
16577217.0 28.85 29.83 3138028169.01 0.960266616419 0.26191883191 ThelmaLouise 286.0 262.0 Thelma&Louise
16658586.0 53.51 53.27 40704225352.1 0.629407265806 0.242012357032 ThelmaLouise 286.0 262.0 Thelma&Louise
16658317.0 19.23 24.23 2649295774.65 0.587384667547 0.354484319416 ThelmaLouise 286.0 262.0 Thelma&Louise
16578818.0 29.5 31.24 3256338028.17 1.12245662527 0.369534352894 ThelmaLouise 286.0 262.0 Thelma&Louise
16658904.0 18.08 24.68 2295774647.89 0.76857700846 0.228090262014 ThelmaLouise 286.0 262.0 Thelma&Louise
20468417.0 22.56 34.48 4683098591.55 0.986722526638 -1.0 iAmbrosia 262.0 -1.0 iKauket
20422404.0 26.82 28.04 2076056338.03 1.89051617624 -1.0 iAmbrosia 262.0 -1.0 iKauket
20435562.0 24.58 24.58 2576056338.03 1.93862658291 -1.0 iAmbrosia 262.0 -1.0 iKauket
20445684.0 37.61 37.61 11087323943.7 1.93297884531 -1.0 iAmbrosia 262.0 -1.0 iKauket
20438137.0 23.35 26.08 3391549295.77 0.327245287936 -1.0 iAmbrosia 262.0 -1.0 iKauket
20410352.0 20.37 19.68 2332394366.2 1.63469674537 -1.0 iAmbrosia 262.0 -1.0 iKauket
20435720.0 32.31 32.31 6280281690.14 1.37622304481 -1.0 iAmbrosia 262.0 -1.0 iKauket
20438537.0 33.49 39.38 10035211267.6 0.271661780513 -1.0 iAmbrosia 262.0 -1.0 iKauket
20438640.0 33.29 39.2 7795774647.89 0.291977670257 -1.0 iAmbrosia 262.0 -1.0 iKauket
20439449.0 29.98 30.06 3752112676.06 1.52706498687 -1.0 iAmbrosia 262.0 -1.0 iKauket
20398561.0 28.11 30.22 2576056338.03 2.07444937716 -1.0 iAmbrosia 262.0 -1.0 iKauket
20421302.0 24.49 25.63 2625352112.68 0.362031499987 -1.0 iAmbrosia 262.0 -1.0 iKauket
20478665.0 25.21 25.21 2709859154.93 1.61817393005 -1.0 iAmbrosia 262.0 -1.0 iKauket
20466576.0 24.92 27.32 2560563380.28 0.392890131242 -1.0 iAmbrosia 262.0 -1.0 iKauket
20439477.0 63.71 63.71 65577464788.7 1.5359737906 -1.0 iAmbrosia 262.0 -1.0 iKauket
10252421.0 15.63 23.35 2033802816.9 0.40931531074 -1.0 iAshley 324.0 -1.0 iCher
10324862.0 25.32 24.59 3280281690.14 0.455429128987 -1.0 iAshley 324.0 -1.0 iCher
10317130.0 42.19 42.19 17887323943.7 1.93127119897 -1.0 iAshley 324.0 -1.0 iCher
10259267.0 20.57 25.56 3308450704.23 1.37488953718 -1.0 iAshley 324.0 -1.0 iCher
10305877.0 38.27 39.08 10607042253.5 0.987821814958 -1.0 iAshley 324.0 -1.0 iCher
10249002.0 24.97 24.97 2349295774.65 0.275548174498 -1.0 iAshley 324.0 -1.0 iCher
10327912.0 32.29 32.29 6143661971.83 0.887845396075 -1.0 iAshley 324.0 -1.0 iCher
10252788.0 25.9 26.75 3394366197.18 0.217534970522 -1.0 iAshley 324.0 -1.0 iCher
10262316.0 22.31 26.46 3608450704.23 0.648325128411 -1.0 iAshley 324.0 -1.0 iCher
10328359.0 18.81 19.76 2166197183.1 1.85450398371 -1.0 iAshley 324.0 -1.0 iCher
10250974.0 21.84 26.99 2923943661.97 0.364937643487 -1.0 iAshley 324.0 -1.0 iCher
10259224.0 24.22 27.59 3939436619.72 1.36708542484 -1.0 iAshley 324.0 -1.0 iCher
10258270.0 29.95 29.15 3688732394.37 1.88506831943 -1.0 iAshley 324.0 -1.0 iCher
10252444.0 42.98 52.83 36478873239.4 0.25877244049 -1.0 iAshley 324.0 -1.0 iCher
10304606.0 25.35 25.35 2783098591.55 2.07841154335 -1.0 iAshley 324.0 -1.0 iCher
24706362.0 44.03 59.18 18619718309.9 0.114782263708 -1.0 iBiggie 369.0 -1.0 iOrion
24778738.0 36.91 37.84 11874647887.3 1.90351982294 -1.0 iBiggie 369.0 -1.0 iOrion
24700297.0 35.22 36.62 4309859154.93 0.194209331474 -1.0 iBiggie 369.0 -1.0 iOrion
24881257.0 31.45 29.74 7704225352.11 0.724742219322 -1.0 iBiggie 369.0 -1.0 iOrion
24767105.0 26.55 26.55 3435211267.61 1.35825944944 -1.0 iBiggie 369.0 -1.0 iOrion
24700323.0 26.33 27.88 2776056338.03 0.255484051509 -1.0 iBiggie 369.0 -1.0 iOrion
24878838.0 28.66 28.66 4432394366.2 1.65726779554 -1.0 iBiggie 369.0 -1.0 iOrion
24883388.0 27.28 27.28 3918309859.15 1.89523063737 -1.0 iBiggie 369.0 -1.0 iOrion
24785697.0 35.22 35.22 7416901408.45 1.44621948852 -1.0 iBiggie 369.0 -1.0 iOrion
24707098.0 25.98 30.36 3545070422.54 0.122392930995 -1.0 iBiggie 369.0 -1.0 iOrion
24703436.0 38.19 38.32 9011267605.63 0.707985655053 -1.0 iBiggie 369.0 -1.0 iOrion
24704361.0 53.93 57.72 33929577464.8 0.297357343952 -1.0 iBiggie 369.0 -1.0 iOrion
24879924.0 38.55 38.55 6369014084.51 1.32045047677 -1.0 iBiggie 369.0 -1.0 iOrion
24882725.0 24.85 24.85 2722535211.27 1.97113130126 -1.0 iBiggie 369.0 -1.0 iOrion
24751513.0 53.67 53.67 31901408450.7 1.50713017027 -1.0 iBiggie 369.0 -1.0 iOrion
9382199.0 30.57 30.4 4500000000.0 0.534819828131 -1.0 iBran 304.0 -1.0 iScylla
9453116.0 25.36 25.36 3623943661.97 1.31157833628 -1.0 iBran 304.0 -1.0 iScylla
9390609.0 57.54 57.54 37042253521.1 1.54892277738 -1.0 iBran 304.0 -1.0 iScylla
9380326.0 27.19 27.57 3784507042.25 0.687559856189 -1.0 iBran 304.0 -1.0 iScylla
9387724.0 40.63 40.63 9860563380.28 1.54088813352 -1.0 iBran 304.0 -1.0 iScylla
9382308.0 30.02 36.05 10078873239.4 0.524896625978 -1.0 iBran 304.0 -1.0 iScylla
9383234.0 26.1 30.57 2349295774.65 0.140403924629 -1.0 iBran 304.0 -1.0 iScylla
9381994.0 27.17 34.72 6264788732.39 0.334745707297 -1.0 iBran 304.0 -1.0 iScylla
9383333.0 48.44 51.73 17000000000.0 0.143896668275 -1.0 iBran 304.0 -1.0 iScylla
9471242.0 31.99 31.99 7588732394.37 0.858643900432 -1.0 iBran 304.0 -1.0 iScylla
9380312.0 19.79 20.41 2107042253.52 0.722765563176 -1.0 iBran 304.0 -1.0 iScylla
9452278.0 30.97 30.97 5260563380.28 1.24514025997 -1.0 iBran 304.0 -1.0 iScylla
9387607.0 15.94 31.33 2094366197.18 0.736307390361 -1.0 iBran 304.0 -1.0 iScylla
9381296.0 22.38 25.96 2202816901.41 0.434869486334 -1.0 iBran 304.0 -1.0 iScylla
9384308.0 44.96 47.76 13419718309.9 0.427350517942 -1.0 iBran 304.0 -1.0 iScylla
8542391.0 21.94 21.94 2084507042.25 1.49738487809 -1.0 iCher 302.0 -1.0 iBurr
8459763.0 17.16 38.38 2650704225.35 0.0825547638235 -1.0 iCher 302.0 -1.0 iBurr
8460064.0 26.79 33.37 4304225352.11 0.202006138678 -1.0 iCher 302.0 -1.0 iBurr
8459630.0 20.23 26.07 2643661971.83 0.108111311818 -1.0 iCher 302.0 -1.0 iBurr
8460257.0 23.44 31.83 3166197183.1 0.167851001601 -1.0 iCher 302.0 -1.0 iBurr
8459842.0 23.47 24.52 2459154929.58 0.179342259113 -1.0 iCher 302.0 -1.0 iBurr
8511963.0 23.99 24.19 2690140845.07 1.53968277615 -1.0 iCher 302.0 -1.0 iBurr
8459357.0 21.13 37.8 4454929577.46 0.281916594187 -1.0 iCher 302.0 -1.0 iBurr
8459215.0 26.89 26.86 5646478873.24 0.156516269412 -1.0 iCher 302.0 -1.0 iBurr
8468893.0 29.88 29.72 4647887323.94 1.04199148533 -1.0 iCher 302.0 -1.0 iBurr
8469614.0 54.52 54.52 33309859154.9 1.59060931098 -1.0 iCher 302.0 -1.0 iBurr
8460037.0 22.68 35.47 2201408450.7 0.101318498838 -1.0 iCher 302.0 -1.0 iBurr
8459379.0 65.69 78.6 116183098592.0 0.269283361653 -1.0 iCher 302.0 -1.0 iBurr
8511137.0 23.77 23.77 3491549295.77 1.51661074987 -1.0 iCher 302.0 -1.0 iBurr
8459745.0 18.52 26.19 3394366197.18 0.348482149287 -1.0 iCher 302.0 -1.0 iBurr
8549332.0 25.04 25.75 4661971830.99 1.300993948 -1.0 iDouglas 285.0 -1.0 iDouglas
8515620.0 30.55 34.83 7733802816.9 0.229897736509 -1.0 iDouglas 285.0 -1.0 iDouglas
8525474.0 21.94 29.34 2230985915.49 1.73894442851 -1.0 iDouglas 285.0 -1.0 iDouglas
8517576.0 23.79 29.94 4249295774.65 0.022218491774 -1.0 iDouglas 285.0 -1.0 iDouglas
8542361.0 23.19 23.19 2843661971.83 0.50768409474 -1.0 iDouglas 285.0 -1.0 iDouglas
8541438.0 28.97 28.97 3139436619.72 1.43667936869 -1.0 iDouglas 285.0 -1.0 iDouglas
8517906.0 49.43 50.12 20197183098.6 0.14414377507 -1.0 iDouglas 285.0 -1.0 iDouglas
8517274.0 38.56 39.59 12190140845.1 0.245597453781 -1.0 iDouglas 285.0 -1.0 iDouglas
8541475.0 20.87 20.87 2077464788.73 1.29306502984 -1.0 iDouglas 285.0 -1.0 iDouglas
8514373.0 28.47 43.43 6677464788.73 0.114684820331 -1.0 iDouglas 285.0 -1.0 iDouglas
8516596.0 29.49 40.15 9805633802.82 0.143030494222 -1.0 iDouglas 285.0 -1.0 iDouglas
8541835.0 43.28 43.28 14873239436.6 0.615216926856 -1.0 iDouglas 285.0 -1.0 iDouglas
8566218.0 30.34 28.81 6297183098.59 1.69130818455 -1.0 iDouglas 285.0 -1.0 iDouglas
8517737.0 16.93 37.97 4235211267.61 0.0716588063456 -1.0 iDouglas 285.0 -1.0 iDouglas
8528762.0 10.78 27.31 2405633802.82 1.41968628883 -1.0 iDouglas 285.0 -1.0 iDouglas
7473264.0 73.04 84.49 118422535211.0 0.0567757589837 -1.0 iFrodo 300.0 -1.0 iHall
7473316.0 48.31 49.14 19183098591.5 0.250890667341 -1.0 iFrodo 300.0 -1.0 iHall
7467464.0 85.52 89.83 180000000000.0 0.890044714233 -1.0 iFrodo 300.0 -1.0 iHall
7489280.0 31.09 29.84 7228169014.08 1.39245486023 -1.0 iFrodo 300.0 -1.0 iHall
7467112.0 25.24 25.23 2997183098.59 0.848581553795 -1.0 iFrodo 300.0 -1.0 iHall
7470576.0 55.6 59.37 21985915493.0 0.0441495560223 -1.0 iFrodo 300.0 -1.0 iHall
7473493.0 22.63 26.8 3402816901.41 0.22447893068 -1.0 iFrodo 300.0 -1.0 iHall
7472474.0 19.27 32.28 3764788732.39 0.164826006378 -1.0 iFrodo 300.0 -1.0 iHall
7468499.0 32.52 31.75 5416901408.45 0.172126419428 -1.0 iFrodo 300.0 -1.0 iHall
7467478.0 32.9 34.91 7921126760.56 0.872031811724 -1.0 iFrodo 300.0 -1.0 iHall
7511194.0 30.33 30.57 2808450704.23 1.28392930994 -1.0 iFrodo 300.0 -1.0 iHall
7472887.0 20.01 24.3 2060563380.28 0.367744674746 -1.0 iFrodo 300.0 -1.0 iHall
7471054.0 27.92 32.67 2950704225.35 0.0409191484634 -1.0 iFrodo 300.0 -1.0 iHall
7473258.0 39.46 52.77 22915492957.7 0.0931067244109 -1.0 iFrodo 300.0 -1.0 iHall
7471380.0 20.64 27.9 2646478873.24 0.082409964817 -1.0 iFrodo 300.0 -1.0 iHall
15349393.0 19.96 35.87 4557746478.87 0.172916904615 -1.0 iHodor 343.0 -1.0 iCharybdis
15419717.0 25.99 25.99 2397183098.59 0.683082997063 -1.0 iHodor 343.0 -1.0 iCharybdis
15344112.0 28.88 30.95 3616901408.45 0.533067459228 -1.0 iHodor 343.0 -1.0 iCharybdis
15349403.0 24.24 67.78 27281690140.8 0.0821069949476 -1.0 iHodor 343.0 -1.0 iCharybdis
15357990.0 87.53 87.53 152535211268.0 1.19121408231 -1.0 iHodor 343.0 -1.0 iCharybdis
15350534.0 16.42 34.83 3915492957.75 0.0985347572848 -1.0 iHodor 343.0 -1.0 iCharybdis
15357947.0 14.14 27.2 2415492957.75 1.13601242786 -1.0 iHodor 343.0 -1.0 iCharybdis
15344527.0 24.93 24.93 2370422535.21 0.654624315501 -1.0 iHodor 343.0 -1.0 iCharybdis
15417010.0 38.43 38.43 10666197183.1 1.2101991429 -1.0 iHodor 343.0 -1.0 iCharybdis
15399858.0 21.86 21.86 2091549295.77 1.28349916082 -1.0 iHodor 343.0 -1.0 iCharybdis
15419873.0 41.21 41.41 12680281690.1 0.787285558665 -1.0 iHodor 343.0 -1.0 iCharybdis
15357989.0 22.87 33.0 5336619718.31 1.18310554257 -1.0 iHodor 343.0 -1.0 iCharybdis
15350393.0 28.6 34.09 4091549295.77 0.246870634737 -1.0 iHodor 343.0 -1.0 iCharybdis
15346454.0 25.71 26.34 2639436619.72 0.407897843174 -1.0 iHodor 343.0 -1.0 iCharybdis
15350583.0 25.85 31.75 5747887323.94 0.306283997825 -1.0 iHodor 343.0 -1.0 iCharybdis
6628293.0 23.28 23.72 2270422535.21 1.45781269966 -1.0 iJay 278.0 -1.0 iHera
6592072.0 19.95 32.58 2759154929.58 0.0937646847588 -1.0 iJay 278.0 -1.0 iHera
6591570.0 23.19 32.19 5323943661.97 0.25242664257 -1.0 iJay 278.0 -1.0 iHera
6594643.0 39.25 39.25 13695774647.9 0.90488896111 -1.0 iJay 278.0 -1.0 iHera
6590594.0 27.65 31.13 2652112676.06 0.0948572884788 -1.0 iJay 278.0 -1.0 iHera
6638626.0 23.07 23.1 3395774647.89 1.38254119265 -1.0 iJay 278.0 -1.0 iHera
6628537.0 26.67 28.25 2732394366.2 1.09117274023 -1.0 iJay 278.0 -1.0 iHera
6592521.0 23.11 23.63 2354929577.46 0.097865099311 -1.0 iJay 278.0 -1.0 iHera
6618173.0 27.11 27.11 2876056338.03 1.5170077657 -1.0 iJay 278.0 -1.0 iHera
6589854.0 24.97 24.93 2516901408.45 0.287701584538 -1.0 iJay 278.0 -1.0 iHera
6594708.0 41.67 42.48 9250704225.35 1.00225230922 -1.0 iJay 278.0 -1.0 iHera
6590633.0 27.76 29.85 3188732394.37 0.246626491811 -1.0 iJay 278.0 -1.0 iHera
6619903.0 30.69 30.8 3228169014.08 0.671826815028 -1.0 iJay 278.0 -1.0 iHera
6594990.0 38.25 41.21 10381690140.8 1.11654862739 -1.0 iJay 278.0 -1.0 iHera
6590079.0 23.72 25.8 2485915492.96 0.342792122717 -1.0 iJay 278.0 -1.0 iHera
13065289.0 25.0 25.0 3849295774.65 1.98195673362 -1.0 iKobe 291.0 -1.0 iVenus
13006571.0 26.69 26.69 3436619718.31 1.24964841403 -1.0 iKobe 291.0 -1.0 iVenus
12948809.0 28.52 30.26 3638028169.01 1.84590195852 -1.0 iKobe 291.0 -1.0 iVenus
13063739.0 18.51 18.51 2797183098.59 1.93528710161 -1.0 iKobe 291.0 -1.0 iVenus
12951827.0 22.93 32.34 3107042253.52 1.44571962808 -1.0 iKobe 291.0 -1.0 iVenus
13063971.0 28.97 28.97 5057746478.87 1.92372461624 -1.0 iKobe 291.0 -1.0 iVenus
12947252.0 20.35 28.49 3277464788.73 0.208514429258 -1.0 iKobe 291.0 -1.0 iVenus
13053914.0 25.82 25.82 2825352112.68 0.677620284196 -1.0 iKobe 291.0 -1.0 iVenus
12951114.0 62.15 65.26 44253521126.8 1.57124950089 -1.0 iKobe 291.0 -1.0 iVenus
12953621.0 23.74 29.49 2121126760.56 1.821455923 -1.0 iKobe 291.0 -1.0 iVenus
12969103.0 32.82 33.81 6253521126.76 0.690864628946 -1.0 iKobe 291.0 -1.0 iVenus
13063578.0 27.43 27.43 3061971830.99 1.68731958681 -1.0 iKobe 291.0 -1.0 iVenus
12953858.0 19.84 23.14 2077464788.73 2.07153266411 -1.0 iKobe 291.0 -1.0 iVenus
13061924.0 20.24 32.03 3016901408.45 0.59629905233 -1.0 iKobe 291.0 -1.0 iVenus
12943636.0 21.71 23.11 2104225352.11 0.453900310385 -1.0 iKobe 291.0 -1.0 iVenus
13064545.0 29.06 29.34 5085915492.96 1.03164001455 -1.0 iLincoln 359.0 -1.0 iLincoln
13063125.0 26.42 28.01 2369014084.51 0.874707029594 -1.0 iLincoln 359.0 -1.0 iLincoln
12956548.0 29.74 31.5 2836619718.31 0.309704844419 -1.0 iLincoln 359.0 -1.0 iLincoln
12959350.0 16.8 30.07 2119718309.86 0.523644465155 -1.0 iLincoln 359.0 -1.0 iLincoln
13062573.0 26.55 29.74 4973239436.62 0.536768781374 -1.0 iLincoln 359.0 -1.0 iLincoln
12962685.0 20.96 33.28 3243661971.83 1.07367938535 -1.0 iLincoln 359.0 -1.0 iLincoln
12961655.0 38.64 38.64 9630985915.49 0.868086596841 -1.0 iLincoln 359.0 -1.0 iLincoln
12958114.0 18.69 24.76 2026760563.38 0.186141692313 -1.0 iLincoln 359.0 -1.0 iLincoln
13062883.0 27.8 29.02 2494366197.18 0.845543899637 -1.0 iLincoln 359.0 -1.0 iLincoln
12953778.0 20.16 32.48 2464788732.39 0.110599129414 -1.0 iLincoln 359.0 -1.0 iLincoln
12962572.0 11.25 34.62 2295774647.89 1.01420641658 -1.0 iLincoln 359.0 -1.0 iLincoln
12956912.0 31.94 33.99 5656338028.17 0.253015647487 -1.0 iLincoln 359.0 -1.0 iLincoln
12959943.0 28.85 39.41 5226760563.38 0.204991857822 -1.0 iLincoln 359.0 -1.0 iLincoln
13072720.0 38.17 38.17 12130985915.5 1.2338654695 -1.0 iLincoln 359.0 -1.0 iLincoln
12962006.0 37.26 37.26 7422535211.27 0.837839201443 -1.0 iLincoln 359.0 -1.0 iLincoln
6774226.0 36.42 35.95 12590140845.1 2.35943361486 -1.0 iLouise 261.0 -1.0 iLouise
6762489.0 44.75 43.96 20774647887.3 2.2652786103 -1.0 iLouise 261.0 -1.0 iLouise
6745452.0 26.28 26.16 3454929577.46 0.669280890608 -1.0 iLouise 261.0 -1.0 iLouise
6763274.0 24.18 24.18 2222535211.27 1.10202650079 -1.0 iLouise 261.0 -1.0 iLouise
6826040.0 35.57 46.92 16239436619.7 0.211892354199 -1.0 iLouise 261.0 -1.0 iLouise
6762642.0 48.85 48.85 15760563380.3 1.78270723794 -1.0 iLouise 261.0 -1.0 iLouise
6826036.0 28.81 30.4 3308450704.23 0.393128436097 -1.0 iLouise 261.0 -1.0 iLouise
6745104.0 32.96 32.96 6325352112.68 1.30124151191 -1.0 iLouise 261.0 -1.0 iLouise
6795916.0 20.84 20.84 2418309859.15 2.32174064018 -1.0 iLouise 261.0 -1.0 iLouise
6752817.0 13.23 37.38 3907042253.52 0.0671990000965 -1.0 iLouise 261.0 -1.0 iLouise
6745397.0 28.34 28.48 4463380281.69 2.22605949187 -1.0 iLouise 261.0 -1.0 iLouise
6818198.0 27.59 27.59 4270422535.21 0.931973405461 -1.0 iLouise 261.0 -1.0 iLouise
6818246.0 21.43 21.46 2123943661.97 1.47645695355 -1.0 iLouise 261.0 -1.0 iLouise
6752924.0 19.57 29.34 2425352112.68 0.251176371361 -1.0 iLouise 261.0 -1.0 iLouise
6825657.0 29.55 30.92 3260563380.28 0.282597471129 -1.0 iLouise 261.0 -1.0 iLouise
17415864.0 27.56 27.4 2343661971.83 1.270914992 -1.0 iMaryKate 310.0 -1.0 iSonny
17460418.0 27.64 27.64 2956338028.17 1.92887814561 -1.0 iMaryKate 310.0 -1.0 iSonny
17472093.0 30.25 32.85 9749295774.65 0.447448960783 -1.0 iMaryKate 310.0 -1.0 iSonny
17435594.0 41.84 41.84 14591549295.8 1.48061961448 -1.0 iMaryKate 310.0 -1.0 iSonny
17440821.0 23.86 23.88 2340845070.42 1.72445109005 -1.0 iMaryKate 310.0 -1.0 iSonny
17455837.0 50.51 50.79 25859154929.6 0.55544784996 -1.0 iMaryKate 310.0 -1.0 iSonny
17473669.0 45.25 80.76 80000000000.0 0.0310932137114 -1.0 iMaryKate 310.0 -1.0 iSonny
17440172.0 25.05 25.25 5422535211.27 0.543067157826 -1.0 iMaryKate 310.0 -1.0 iSonny
17472303.0 31.59 31.59 5171830985.92 0.695668462559 -1.0 iMaryKate 310.0 -1.0 iSonny
17493274.0 23.86 24.71 3395774647.89 1.88502853866 -1.0 iMaryKate 310.0 -1.0 iSonny
17488342.0 25.72 25.79 2780281690.14 1.72519389433 -1.0 iMaryKate 310.0 -1.0 iSonny
17416323.0 23.88 24.58 2923943661.97 1.59416742142 -1.0 iMaryKate 310.0 -1.0 iSonny
17488331.0 32.56 32.56 5891549295.77 1.74294107814 -1.0 iMaryKate 310.0 -1.0 iSonny
17454979.0 22.27 37.48 5629577464.79 0.059940585871 -1.0 iMaryKate 310.0 -1.0 iSonny
17471139.0 16.94 34.98 6304225352.11 0.0980234669829 -1.0 iMaryKate 310.0 -1.0 iSonny
7724113.0 45.63 45.84 13935211267.6 0.161681202825 -1.0 iPuff 279.0 -1.0 iTaurus
7724703.0 23.25 25.4 2281690140.85 0.283386275593 -1.0 iPuff 279.0 -1.0 iTaurus
7733545.0 27.69 29.67 4907042253.52 1.24838684253 -1.0 iPuff 279.0 -1.0 iTaurus
7754836.0 26.23 26.61 2557746478.87 1.1032852639 -1.0 iPuff 279.0 -1.0 iTaurus
7800828.0 33.02 33.02 5485915492.96 1.48051968209 -1.0 iPuff 279.0 -1.0 iTaurus
7725584.0 28.57 26.61 5328169014.08 0.116842001705 -1.0 iPuff 279.0 -1.0 iTaurus
7723430.0 23.21 24.75 2152112676.06 0.0821941240779 -1.0 iPuff 279.0 -1.0 iTaurus
7755109.0 23.2 23.26 2447887323.94 0.874284978123 -1.0 iPuff 279.0 -1.0 iTaurus
7797283.0 23.69 23.94 3074647887.32 0.639806230585 -1.0 iPuff 279.0 -1.0 iTaurus
7725619.0 27.63 30.02 3170422535.21 0.354609975152 -1.0 iPuff 279.0 -1.0 iTaurus
7726739.0 11.21 31.46 2308450704.23 0.144738644266 -1.0 iPuff 279.0 -1.0 iTaurus
7735552.0 28.02 42.07 16338028169.0 1.22921083615 -1.0 iPuff 279.0 -1.0 iTaurus
7755461.0 29.91 30.47 4609859154.93 1.1197567925 -1.0 iPuff 279.0 -1.0 iTaurus
7725880.0 33.14 51.19 19338028169.0 0.114474040252 -1.0 iPuff 279.0 -1.0 iTaurus
7723475.0 28.87 29.43 4194366197.18 0.228115939315 -1.0 iPuff 279.0 -1.0 iTaurus
13875126.0 33.31 32.67 7116901408.45 0.108178137453 -1.0 iRemus 327.0 -1.0 iRomulus
13872479.0 39.34 40.43 11709859154.9 0.407345011679 -1.0 iRemus 327.0 -1.0 iRomulus
13876510.0 33.76 37.59 9139436619.72 0.315456515124 -1.0 iRemus 327.0 -1.0 iRomulus
13923872.0 43.47 45.56 15309859154.9 0.754307869659 -1.0 iRemus 327.0 -1.0 iRomulus
13919851.0 40.3 39.7 11746478873.2 1.66774539128 -1.0 iRemus 327.0 -1.0 iRomulus
13875927.0 13.58 37.05 5728169014.08 0.0888202583089 -1.0 iRemus 327.0 -1.0 iRomulus
13874117.0 23.4 24.73 2795774647.89 0.401503647965 -1.0 iRemus 327.0 -1.0 iRomulus
13918145.0 28.79 28.79 5112676056.34 1.87483730834 -1.0 iRemus 327.0 -1.0 iRomulus
13875820.0 18.5 40.35 4650704225.35 0.0544858294785 -1.0 iRemus 327.0 -1.0 iRomulus
14000523.0 29.45 29.45 4138028169.01 1.81040567958 -1.0 iRemus 327.0 -1.0 iRomulus
13891743.0 51.41 51.34 31408450704.2 1.7359542796 -1.0 iRemus 327.0 -1.0 iRomulus
13876351.0 36.87 36.69 10761971831.0 0.137462188991 -1.0 iRemus 327.0 -1.0 iRomulus
13907324.0 24.04 24.04 2654929577.46 0.983286070142 -1.0 iRemus 327.0 -1.0 iRomulus
13893378.0 47.83 47.83 24549295774.6 1.35859505312 -1.0 iRemus 327.0 -1.0 iRomulus
13888020.0 28.28 28.28 6456338028.17 0.816281844459 -1.0 iRemus 327.0 -1.0 iRomulus
9799740.0 50.25 50.25 26718309859.2 0.770676412839 -1.0 iRomulus 285.0 -1.0 iRemus
9749522.0 48.32 55.49 33577464788.7 0.0868576041811 -1.0 iRomulus 285.0 -1.0 iRemus
9750037.0 20.72 23.44 2104225352.11 0.226563645143 -1.0 iRomulus 285.0 -1.0 iRemus
9795272.0 37.02 37.02 8171830985.92 0.798187600596 -1.0 iRomulus 285.0 -1.0 iRemus
9753362.0 26.47 29.15 2738028169.01 0.200380230211 -1.0 iRomulus 285.0 -1.0 iRemus
9752772.0 20.79 24.91 3209859154.93 0.211137548701 -1.0 iRomulus 285.0 -1.0 iRemus
9752884.0 38.12 43.4 9438028169.01 0.280117994876 -1.0 iRomulus 285.0 -1.0 iRemus
9750036.0 23.8 26.6 2573239436.62 0.279963456538 -1.0 iRomulus 285.0 -1.0 iRemus
9752981.0 24.64 24.73 2012676056.34 0.176627906565 -1.0 iRomulus 285.0 -1.0 iRemus
9766857.0 21.91 30.84 3530985915.49 1.21890786634 -1.0 iRomulus 285.0 -1.0 iRemus
9753376.0 24.38 25.49 2170422535.21 0.22029121814 -1.0 iRomulus 285.0 -1.0 iRemus
9751538.0 22.63 25.48 2832394366.2 0.20434250598 -1.0 iRomulus 285.0 -1.0 iRemus
9807606.0 33.14 33.25 6598591549.3 0.63472841787 -1.0 iRomulus 285.0 -1.0 iRemus
9748191.0 26.37 26.78 2298591549.3 0.674113977479 -1.0 iRomulus 285.0 -1.0 iRemus
9749535.0 23.18 25.22 2071830985.92 0.419179635659 -1.0 iRomulus 285.0 -1.0 iRemus
6534429.0 28.37 28.37 3414084507.04 0.797811846933 -1.0 iSam 277.0 -1.0 iOates
6544467.0 32.74 32.74 5302816901.41 1.24322270758 -1.0 iSam 277.0 -1.0 iOates
6491198.0 22.94 22.81 2207042253.52 0.281415007184 -1.0 iSam 277.0 -1.0 iOates
6494456.0 23.77 30.33 2761971830.99 0.111277962613 -1.0 iSam 277.0 -1.0 iOates
6534373.0 25.03 25.03 2692957746.48 1.1378511231 -1.0 iSam 277.0 -1.0 iOates
6544697.0 30.19 30.19 5152112676.06 0.988845554397 -1.0 iSam 277.0 -1.0 iOates
6491998.0 25.2 26.51 2761971830.99 0.30599232493 -1.0 iSam 277.0 -1.0 iOates
6494648.0 19.77 24.26 3291549295.77 0.301438528511 -1.0 iSam 277.0 -1.0 iOates
6535080.0 33.34 33.34 5980281690.14 1.26895005865 -1.0 iSam 277.0 -1.0 iOates
6538703.0 25.36 25.36 2809859154.93 1.27779704532 -1.0 iSam 277.0 -1.0 iOates
6492184.0 27.78 32.63 4142253521.13 0.100815052775 -1.0 iSam 277.0 -1.0 iOates
6496017.0 20.66 21.49 2123943661.97 1.26851774078 -1.0 iSam 277.0 -1.0 iOates
6494433.0 20.8 29.95 2907042253.52 0.291940949768 -1.0 iSam 277.0 -1.0 iOates
6533189.0 43.57 43.57 15690140845.1 1.39256094328 -1.0 iSam 277.0 -1.0 iOates
6543507.0 26.51 26.51 3149295774.65 1.3922339379 -1.0 iSam 277.0 -1.0 iOates
16884634.0 23.74 23.74 2400000000.0 0.859470877141 -1.0 iShaq 361.0 -1.0 iSerana
16826309.0 41.59 51.15 20112676056.3 0.522624561284 -1.0 iShaq 361.0 -1.0 iSerana
16830566.0 25.08 25.73 2285915492.96 0.427272299283 -1.0 iShaq 361.0 -1.0 iSerana
16835049.0 41.93 43.65 13914084507.0 1.42797394027 -1.0 iShaq 361.0 -1.0 iSerana
16827340.0 18.31 22.98 2942253521.13 0.473914528958 -1.0 iShaq 361.0 -1.0 iSerana
16824177.0 28.48 36.13 4194366197.18 0.369256919616 -1.0 iShaq 361.0 -1.0 iSerana
16833260.0 52.16 78.12 74281690140.8 0.0277200882574 -1.0 iShaq 361.0 -1.0 iSerana
16835041.0 36.67 36.93 7402816901.41 1.46175873817 -1.0 iShaq 361.0 -1.0 iSerana
16832805.0 24.18 37.52 3529577464.79 0.242005545373 -1.0 iShaq 361.0 -1.0 iSerana
16949500.0 33.31 33.31 6918309859.15 1.20023720569 -1.0 iShaq 361.0 -1.0 iSerana
16835059.0 26.58 26.58 2729577464.79 1.47978019761 -1.0 iShaq 361.0 -1.0 iSerana
16833268.0 35.58 49.88 7822535211.27 0.0680016876111 -1.0 iShaq 361.0 -1.0 iSerana
16949276.0 26.56 26.56 3432394366.2 1.28162417892 -1.0 iShaq 361.0 -1.0 iSerana
16833235.0 27.04 46.39 23281690140.8 0.169868065541 -1.0 iShaq 361.0 -1.0 iSerana
16831456.0 24.38 26.79 3021126760.56 0.48046290105 -1.0 iShaq 361.0 -1.0 iSerana
12792259.0 49.16 49.16 32591549295.8 1.50553262509 -1.0 iSilentBob 358.0 -1.0 iZeus
12777076.0 20.43 25.76 2807042253.52 0.256613752037 -1.0 iSilentBob 358.0 -1.0 iZeus
12857850.0 24.29 27.12 3440845070.42 0.688726320576 -1.0 iSilentBob 358.0 -1.0 iZeus
12774793.0 19.72 23.82 2785915492.96 0.199399153997 -1.0 iSilentBob 358.0 -1.0 iZeus
12769200.0 30.03 31.16 5191549295.77 0.0661332760143 -1.0 iSilentBob 358.0 -1.0 iZeus
12774832.0 22.82 22.46 2747887323.94 0.578206664812 -1.0 iSilentBob 358.0 -1.0 iZeus
12772273.0 60.27 80.54 109802816901.0 0.290705936778 -1.0 iSilentBob 358.0 -1.0 iZeus
12788235.0 29.52 30.93 4863380281.69 1.47175027004 -1.0 iSilentBob 358.0 -1.0 iZeus
12790385.0 27.05 30.12 4416901408.45 1.30242177861 -1.0 iSilentBob 358.0 -1.0 iZeus
12795836.0 44.77 44.77 10400000000.0 1.13836618498 -1.0 iSilentBob 358.0 -1.0 iZeus
12776002.0 39.68 39.78 15492957746.5 0.500096757351 -1.0 iSilentBob 358.0 -1.0 iZeus
12772268.0 28.87 50.03 14073239436.6 0.266902064736 -1.0 iSilentBob 358.0 -1.0 iZeus
12790590.0 63.97 64.96 87154929577.5 1.29785563242 -1.0 iSilentBob 358.0 -1.0 iZeus
12776967.0 28.56 28.56 3739436619.72 0.550549711042 -1.0 iSilentBob 358.0 -1.0 iZeus
12774250.0 14.41 39.08 3691549295.77 0.235689103064 -1.0 iSilentBob 358.0 -1.0 iZeus
7569976.0 37.9 38.29 10749295774.6 0.291283649135 -1.0 iSonny 321.0 -1.0 iHamilton
7635984.0 25.26 25.26 3422535211.27 1.48564229876 -1.0 iSonny 321.0 -1.0 iHamilton
7564066.0 24.15 34.69 3984507042.25 0.303881504302 -1.0 iSonny 321.0 -1.0 iHamilton
7631493.0 22.0 22.36 2869014084.51 1.07413899337 -1.0 iSonny 321.0 -1.0 iHamilton
7567336.0 11.12 35.08 2969014084.51 0.121019134137 -1.0 iSonny 321.0 -1.0 iHamilton
7563696.0 22.64 23.53 2657746478.87 0.409090233425 -1.0 iSonny 321.0 -1.0 iHamilton
7562450.0 24.07 26.38 2407042253.52 0.531888332803 -1.0 iSonny 321.0 -1.0 iHamilton
7565207.0 26.12 33.56 2807042253.52 0.240305785328 -1.0 iSonny 321.0 -1.0 iHamilton
7636818.0 26.31 26.31 4777464788.73 0.752983373997 -1.0 iSonny 321.0 -1.0 iHamilton
7565563.0 28.72 30.93 4509859154.93 0.409354248317 -1.0 iSonny 321.0 -1.0 iHamilton
7564726.0 18.99 34.1 2890140845.07 0.0405451494634 -1.0 iSonny 321.0 -1.0 iHamilton
7568085.0 45.84 44.02 18521126760.6 0.248584730386 -1.0 iSonny 321.0 -1.0 iHamilton
7634841.0 28.62 28.62 2984507042.25 0.628412276841 -1.0 iSonny 321.0 -1.0 iHamilton
7569125.0 26.77 30.67 4483098591.55 0.304125555489 -1.0 iSonny 321.0 -1.0 iHamilton
7567032.0 56.72 58.57 39070422535.2 0.293373563581 -1.0 iSonny 321.0 -1.0 iHamilton
12556510.0 58.15 58.15 44000000000.0 1.16751015045 -1.0 iTennille 342.0 -1.0 iRoy
12534508.0 39.93 39.53 9278873239.44 0.550576239766 -1.0 iTennille 342.0 -1.0 iRoy
12607412.0 22.45 23.19 2626760563.38 0.824168073568 -1.0 iTennille 342.0 -1.0 iRoy
12540010.0 22.44 24.82 3191549295.77 0.502503992272 -1.0 iTennille 342.0 -1.0 iRoy
12537028.0 34.8 37.28 5198591549.3 0.0424369866712 -1.0 iTennille 342.0 -1.0 iRoy
12552663.0 28.47 28.91 2608450704.23 0.94974990548 -1.0 iTennille 342.0 -1.0 iRoy
12533647.0 40.39 54.77 27788732394.4 0.345758549581 -1.0 iTennille 342.0 -1.0 iRoy
12644386.0 20.47 20.47 2226760563.38 1.41915770237 -1.0 iTennille 342.0 -1.0 iRoy
12541373.0 23.92 31.36 3419718309.86 0.0907628473847 -1.0 iTennille 342.0 -1.0 iRoy
12535641.0 36.88 41.38 19915492957.7 0.372345364976 -1.0 iTennille 342.0 -1.0 iRoy
12552974.0 24.94 46.48 13126760563.4 1.08704530556 -1.0 iTennille 342.0 -1.0 iRoy
12534625.0 47.12 50.9 17788732394.4 0.410424690899 -1.0 iTennille 342.0 -1.0 iRoy
12646789.0 33.52 33.52 8609859154.93 0.477680390684 -1.0 iTennille 342.0 -1.0 iRoy
12537764.0 26.44 29.61 6554929577.46 0.527813544982 -1.0 iTennille 342.0 -1.0 iRoy
12651744.0 31.79 31.79 4590140845.07 1.43709806521 -1.0 iTennille 342.0 -1.0 iRoy
7401288.0 31.86 31.86 4611267605.63 0.757129206274 -1.0 iThelma 290.0 -1.0 iThelma
7412039.0 23.68 28.01 2892957746.48 0.414924099244 -1.0 iThelma 290.0 -1.0 iThelma
7431645.0 21.85 35.74 5828169014.08 0.151126806505 -1.0 iThelma 290.0 -1.0 iThelma
7439563.0 34.89 38.86 6092957746.48 0.1149738704 -1.0 iThelma 290.0 -1.0 iThelma
7433192.0 64.53 64.53 49154929577.5 1.85184399711 -1.0 iThelma 290.0 -1.0 iThelma
7433536.0 21.93 21.81 2212676056.34 0.519652689853 -1.0 iThelma 290.0 -1.0 iThelma
7431785.0 34.75 34.75 5284507042.25 0.56882773078 -1.0 iThelma 290.0 -1.0 iThelma
7432256.0 13.56 36.03 3176056338.03 0.154819038672 -1.0 iThelma 290.0 -1.0 iThelma
7431962.0 30.38 30.38 3630985915.49 0.390008921357 -1.0 iThelma 290.0 -1.0 iThelma
7452276.0 31.44 31.44 6202816901.41 1.68596840787 -1.0 iThelma 290.0 -1.0 iThelma
7423932.0 22.53 21.56 2873239436.62 1.82654234501 -1.0 iThelma 290.0 -1.0 iThelma
7411947.0 25.04 28.83 2770422535.21 0.376556161745 -1.0 iThelma 290.0 -1.0 iThelma
7439726.0 25.91 39.88 5084507042.25 0.148676740815 -1.0 iThelma 290.0 -1.0 iThelma
7432370.0 17.08 32.93 3384507042.25 0.0576722040365 -1.0 iThelma 290.0 -1.0 iThelma
21254940.0 26.17 26.17 2674647887.32 0.59492568504 -1.0 iTom 349.0 -1.0 iKek
21258676.0 23.85 24.7 2119718309.86 0.378442431125 -1.0 iTom 349.0 -1.0 iKek
21281212.0 25.56 26.66 2276056338.03 0.875280883417 -1.0 iTom 349.0 -1.0 iKek
21257044.0 32.7 32.58 3439436619.72 0.642711954932 -1.0 iTom 349.0 -1.0 iKek
21261230.0 19.38 38.77 4705633802.82 0.0891277721582 -1.0 iTom 349.0 -1.0 iKek
21287706.0 57.25 57.25 36760563380.3 1.43827572575 -1.0 iTom 349.0 -1.0 iKek
21260436.0 25.63 26.1 3453521126.76 0.549720353246 -1.0 iTom 349.0 -1.0 iKek
21260547.0 24.77 26.32 3578873239.44 0.21549515142 -1.0 iTom 349.0 -1.0 iKek
21259448.0 29.08 29.08 4143661971.83 0.493011823392 -1.0 iTom 349.0 -1.0 iKek
21408905.0 53.67 55.95 29563380281.7 1.00892631498 -1.0 iTom 349.0 -1.0 iKek
21281485.0 32.55 36.16 6700000000.0 0.825805213681 -1.0 iTom 349.0 -1.0 iKek
21380202.0 22.12 19.85 2190140845.07 0.992802777039 -1.0 iTom 349.0 -1.0 iKek
21281428.0 27.2 28.38 3446478873.24 0.751809800677 -1.0 iTom 349.0 -1.0 iKek
21261031.0 12.35 35.12 2663380281.69 0.165134192484 -1.0 iTom 349.0 -1.0 iKek
21281821.0 15.75 30.24 2700000000.0 0.853874403252 -1.0 iTom 349.0 -1.0 iKek
10069111.0 22.97 46.36 7190140845.07 0.189072999886 -1.0 itheCaptain 349.0 -1.0 iSiegfried
10062168.0 24.3 29.38 3164788732.39 0.418796393919 -1.0 itheCaptain 349.0 -1.0 iSiegfried
10064450.0 32.2 36.42 7645070422.54 0.522139275606 -1.0 itheCaptain 349.0 -1.0 iSiegfried
10132635.0 24.2 24.2 2353521126.76 1.13816156292 -1.0 itheCaptain 349.0 -1.0 iSiegfried
10064617.0 24.76 37.42 4723943661.97 0.0962605940346 -1.0 itheCaptain 349.0 -1.0 iSiegfried
10067435.0 26.83 27.87 2354929577.46 0.480612329707 -1.0 itheCaptain 349.0 -1.0 iSiegfried
10063324.0 24.93 26.34 2418309859.15 0.598269056459 -1.0 itheCaptain 349.0 -1.0 iSiegfried
10062234.0 25.95 26.61 2763380281.69 0.458475208017 -1.0 itheCaptain 349.0 -1.0 iSiegfried
10061998.0 39.01 57.43 15788732394.4 0.196379990767 -1.0 itheCaptain 349.0 -1.0 iSiegfried
10062319.0 54.57 60.2 29957746478.9 0.270867383889 -1.0 itheCaptain 349.0 -1.0 iSiegfried
10068456.0 24.97 26.92 2460563380.28 0.743464371555 -1.0 itheCaptain 349.0 -1.0 iSiegfried
10066939.0 35.46 35.46 7170422535.21 0.611153261519 -1.0 itheCaptain 349.0 -1.0 iSiegfried
10062898.0 41.32 53.61 17507042253.5 0.0692801282004 -1.0 itheCaptain 349.0 -1.0 iSiegfried
10132513.0 33.0 33.0 6328169014.08 0.900320788562 -1.0 itheCaptain 349.0 -1.0 iSiegfried
10119481.0 44.35 44.35 17098591549.3 1.15106086342 -1.0 itheCaptain 349.0 -1.0 iSiegfried
64780476.0 14.6 25.55 2132394366.2 0.150110756571 0.937150575601 theCaptainTennille 337.0 336.0 Siegfried&Roy
64706227.0 39.75 39.75 11452112676.1 0.761438928749 0.888228220087 theCaptainTennille 337.0 336.0 Siegfried&Roy
64789956.0 34.88 58.17 59464788732.4 0.78667459768 1.36189139151 theCaptainTennille 337.0 336.0 Siegfried&Roy
64715981.0 26.05 28.68 2385915492.96 0.927760245324 1.60772901319 theCaptainTennille 337.0 336.0 Siegfried&Roy
64553450.0 27.75 37.92 5994366197.18 0.58778409677 0.660742287103 theCaptainTennille 337.0 336.0 Siegfried&Roy
64775220.0 33.5 33.5 9376056338.03 1.03809346986 1.63193490538 theCaptainTennille 337.0 336.0 Siegfried&Roy
64870969.0 24.52 26.12 2346478873.24 0.294629998043 0.847413424487 theCaptainTennille 337.0 336.0 Siegfried&Roy
64553376.0 24.98 29.53 3200000000.0 0.503865044372 0.598540715157 theCaptainTennille 337.0 336.0 Siegfried&Roy
64872706.0 24.74 36.66 4984507042.25 0.209949447916 0.97963153788 theCaptainTennille 337.0 336.0 Siegfried&Roy
64789913.0 28.93 32.24 6308450704.23 0.877308592229 1.45127549767 theCaptainTennille 337.0 336.0 Siegfried&Roy
64787291.0 49.35 55.96 31140845070.4 0.136645569647 0.929568314296 theCaptainTennille 337.0 336.0 Siegfried&Roy
64780925.0 38.62 38.59 7460563380.28 0.373192680037 0.608576190927 theCaptainTennille 337.0 336.0 Siegfried&Roy
64713115.0 19.57 26.37 3432394366.2 1.0682203251 1.18783916352 theCaptainTennille 337.0 336.0 Siegfried&Roy
64786363.0 22.68 26.01 2671830985.92 0.275689023019 0.95494859593 theCaptainTennille 337.0 336.0 Siegfried&Roy
64870433.0 28.1 27.64 4333802816.9 0.432630262074 0.726246207875 theCaptainTennille 337.0 336.0 Siegfried&Roy
64494865.0 34.6 35.4 8673239436.62 1.54343516595 1.12430523139 theCaptainTennille 337.0 336.0 Siegfried&Roy
64713058.0 42.53 42.59 11215492957.7 1.79585630021 1.12635735409 theCaptainTennille 337.0 336.0 Siegfried&Roy
64780205.0 59.49 61.93 38943661971.8 1.14207063853 0.338836464643 theCaptainTennille 337.0 336.0 Siegfried&Roy
64556509.0 35.66 47.04 12269014084.5 0.92750981753 0.174140563699 theCaptainTennille 337.0 336.0 Siegfried&Roy
64494784.0 36.59 36.59 7835211267.61 1.54064061998 0.947336497448 theCaptainTennille 337.0 336.0 Siegfried&Roy
64555890.0 23.03 26.79 2304225352.11 1.21859309498 0.364774588067 theCaptainTennille 337.0 336.0 Siegfried&Roy
64779433.0 51.19 53.44 34281690140.8 1.16786258484 0.645300967474 theCaptainTennille 337.0 336.0 Siegfried&Roy
64488748.0 24.89 25.17 3149295774.65 1.71256735211 0.974919421286 theCaptainTennille 337.0 336.0 Siegfried&Roy
64488459.0 25.29 28.4 2153521126.76 1.71607080008 0.914342647202 theCaptainTennille 337.0 336.0 Siegfried&Roy
64784269.0 36.72 37.03 11821126760.6 1.38108600717 1.05731012961 theCaptainTennille 337.0 336.0 Siegfried&Roy
64556519.0 33.13 70.69 44859154929.6 0.906800961913 0.110213119725 theCaptainTennille 337.0 336.0 Siegfried&Roy
64556201.0 25.58 29.29 2474647887.32 1.13043621391 0.572360517499 theCaptainTennille 337.0 336.0 Siegfried&Roy
64785689.0 19.69 28.58 2247887323.94 0.924691547836 0.07991590874 theCaptainTennille 337.0 336.0 Siegfried&Roy
64551577.0 33.77 36.54 3946478873.24 0.990408683947 0.491452617919 theCaptainTennille 337.0 336.0 Siegfried&Roy
