ID Vmax(km/s) Vpeak(km/s) Mpeak(Msun) h1dist(Mpc) h2dist(Mpc) HostName R1vir(kpc) R2vir(kpc) ELVISname
22149288.0 27.93 33.13 3207042253.52 0.0277796005926 0.982045572692 AshleyMaryKate 317.0 322.0 Sonny&Cher
22150280.0 27.38 33.39 8360563380.28 0.10016474131 0.952627051863 AshleyMaryKate 317.0 322.0 Sonny&Cher
22149673.0 25.04 25.13 2742253521.13 0.188691215815 0.99694844269 AshleyMaryKate 317.0 322.0 Sonny&Cher
22153476.0 70.41 72.02 70591549295.8 0.252628482104 1.19705197012 AshleyMaryKate 317.0 322.0 Sonny&Cher
22152537.0 22.38 30.46 3008450704.23 0.122526606465 0.993723349738 AshleyMaryKate 317.0 322.0 Sonny&Cher
22152854.0 18.99 26.92 2273239436.62 0.102487177265 0.900330185525 AshleyMaryKate 317.0 322.0 Sonny&Cher
22148695.0 35.63 40.26 10784507042.3 0.211214195596 0.911555238582 AshleyMaryKate 317.0 322.0 Sonny&Cher
22152946.0 27.35 31.22 3295774647.89 0.189644876887 1.12690349956 AshleyMaryKate 317.0 322.0 Sonny&Cher
22153494.0 59.61 59.54 29704225352.1 0.0913227565501 1.05032279071 AshleyMaryKate 317.0 322.0 Sonny&Cher
22158655.0 56.18 73.89 90957746478.9 0.973114897456 0.164923950783 AshleyMaryKate 317.0 322.0 Sonny&Cher
22159289.0 13.8 25.39 2032394366.2 0.918016453711 0.175111509801 AshleyMaryKate 317.0 322.0 Sonny&Cher
22158652.0 17.51 24.15 2081690140.85 0.964973238449 0.180655636052 AshleyMaryKate 317.0 322.0 Sonny&Cher
22156294.0 19.35 27.69 2650704225.35 1.02966292742 0.0785398727071 AshleyMaryKate 317.0 322.0 Sonny&Cher
22157996.0 19.43 29.83 2256338028.17 0.862589819202 0.107069259936 AshleyMaryKate 317.0 322.0 Sonny&Cher
22158770.0 25.69 36.37 4361971830.99 1.05243559292 0.096403569872 AshleyMaryKate 317.0 322.0 Sonny&Cher
22154621.0 17.89 33.35 2636619718.31 1.07612441834 0.205548017028 AshleyMaryKate 317.0 322.0 Sonny&Cher
22158563.0 23.09 22.82 2218309859.15 0.759088426495 0.211740364007 AshleyMaryKate 317.0 322.0 Sonny&Cher
22158738.0 19.71 30.1 2060563380.28 0.998787125805 0.0719815723404 AshleyMaryKate 317.0 322.0 Sonny&Cher
23031035.0 30.96 36.67 3384507042.25 0.149086529556 0.805297247243 CherSonny 299.0 315.0 Hamilton&Burr
23036153.0 20.46 35.39 4994366197.18 0.167849873529 1.08521836723 CherSonny 299.0 315.0 Hamilton&Burr
23036374.0 20.97 29.45 2267605633.8 0.156286631572 0.875875449488 CherSonny 299.0 315.0 Hamilton&Burr
23028588.0 29.98 49.57 9753521126.76 0.173954020334 1.10995661499 CherSonny 299.0 315.0 Hamilton&Burr
23031630.0 26.12 29.83 2422535211.27 0.219143770761 0.995613989869 CherSonny 299.0 315.0 Hamilton&Burr
23036565.0 23.49 34.91 3554929577.46 0.1960989623 0.756631453691 CherSonny 299.0 315.0 Hamilton&Burr
23036196.0 16.24 27.78 2002816901.41 0.022052519771 0.933360148513 CherSonny 299.0 315.0 Hamilton&Burr
23032452.0 32.8 39.65 6801408450.7 0.280945484401 0.859333427544 CherSonny 299.0 315.0 Hamilton&Burr
23036699.0 38.74 51.63 13908450704.2 0.0493372059293 0.981931092644 CherSonny 299.0 315.0 Hamilton&Burr
23035515.0 37.51 40.22 6419718309.86 1.10179392853 0.228144842225 CherSonny 299.0 315.0 Hamilton&Burr
23037245.0 40.35 69.88 46253521126.8 1.10213976172 0.169585361404 CherSonny 299.0 315.0 Hamilton&Burr
23033850.0 21.69 27.84 4084507042.25 0.976127768051 0.0726528910018 CherSonny 299.0 315.0 Hamilton&Burr
23035063.0 29.29 29.62 2567605633.8 0.837134228025 0.229635906326 CherSonny 299.0 315.0 Hamilton&Burr
23034374.0 19.12 43.66 7456338028.17 0.954987925427 0.145014834831 CherSonny 299.0 315.0 Hamilton&Burr
23038439.0 61.6 70.76 38197183098.6 0.952711235097 0.102053193943 CherSonny 299.0 315.0 Hamilton&Burr
23038640.0 25.2 31.96 2811267605.63 0.785578353908 0.228708672797 CherSonny 299.0 315.0 Hamilton&Burr
23037890.0 30.08 34.21 4181690140.85 0.953408587509 0.144767726048 CherSonny 299.0 315.0 Hamilton&Burr
23038545.0 15.21 29.02 2064788732.39 1.03878381854 0.133205912467 CherSonny 299.0 315.0 Hamilton&Burr
10504558.0 17.45 29.23 3215492957.75 0.0963355221649 0.926889481701 FrodoSam 299.0 277.0 Hall&Oates
10504102.0 16.92 35.26 3432394366.2 0.0674788879384 0.931263944549 FrodoSam 299.0 277.0 Hall&Oates
10502542.0 35.53 46.27 9430985915.49 0.290480409802 1.21630654581 FrodoSam 299.0 277.0 Hall&Oates
10504792.0 15.87 26.46 2394366197.18 0.102946128514 0.921130893086 FrodoSam 299.0 277.0 Hall&Oates
10503975.0 31.98 44.78 14267605633.8 0.248063147073 1.02231399559 FrodoSam 299.0 277.0 Hall&Oates
10502648.0 22.36 29.7 2236619718.31 0.225249252053 1.11853867785 FrodoSam 299.0 277.0 Hall&Oates
10502931.0 19.23 29.7 2974647887.32 0.296458291414 1.18585821832 FrodoSam 299.0 277.0 Hall&Oates
10500627.0 42.83 40.84 16619718309.9 0.110001478773 0.881355010894 FrodoSam 299.0 277.0 Hall&Oates
10504250.0 23.84 29.43 4135211267.61 0.161351970675 0.859104698832 FrodoSam 299.0 277.0 Hall&Oates
10505259.0 22.6 61.67 24352112676.1 0.985265730959 0.244206080189 FrodoSam 299.0 277.0 Hall&Oates
10505798.0 21.97 29.78 3708450704.23 1.0269850596 0.065136283053 FrodoSam 299.0 277.0 Hall&Oates
10505401.0 25.8 26.08 4195774647.89 1.13612791095 0.211772225986 FrodoSam 299.0 277.0 Hall&Oates
10508150.0 23.91 28.88 3300000000.0 0.897951815303 0.191470284036 FrodoSam 299.0 277.0 Hall&Oates
10506291.0 39.06 40.44 10874647887.3 1.15944347315 0.181817709337 FrodoSam 299.0 277.0 Hall&Oates
10509039.0 11.01 29.09 2380281690.14 0.946931918944 0.0432103563266 FrodoSam 299.0 277.0 Hall&Oates
10507468.0 16.67 25.05 2040845070.42 0.727533330013 0.260254826444 FrodoSam 299.0 277.0 Hall&Oates
10508510.0 17.85 28.14 2219718309.86 0.978474610189 0.0842918763145 FrodoSam 299.0 277.0 Hall&Oates
10508084.0 36.27 42.08 5929577464.79 0.994921589599 0.0296643592795 FrodoSam 299.0 277.0 Hall&Oates
80179366.0 29.25 32.23 2107042253.52 0.204595413142 0.703070822205 HodorBran 346.0 306.0 Scylla&Charybdis
80176357.0 17.87 28.83 2102816901.41 0.118453177781 0.641661108204 HodorBran 346.0 306.0 Scylla&Charybdis
80177892.0 28.75 45.57 9771830985.92 0.0761735013054 0.751005858198 HodorBran 346.0 306.0 Scylla&Charybdis
80178030.0 23.18 30.87 2163380281.69 0.235535344339 0.785112152653 HodorBran 346.0 306.0 Scylla&Charybdis
80179361.0 40.4 67.23 23000000000.0 0.101745404592 0.735649095391 HodorBran 346.0 306.0 Scylla&Charybdis
80177356.0 22.48 30.68 2705633802.82 0.118553253159 0.702694582486 HodorBran 346.0 306.0 Scylla&Charybdis
80182745.0 20.61 31.72 2743661971.83 0.134258164412 0.644181304036 HodorBran 346.0 306.0 Scylla&Charybdis
80177826.0 26.09 27.74 2533802816.9 0.170166542691 0.850739020252 HodorBran 346.0 306.0 Scylla&Charybdis
80175824.0 46.23 45.26 9152112676.06 0.0494308009898 0.700822291844 HodorBran 346.0 306.0 Scylla&Charybdis
80304205.0 31.92 60.51 25098591549.3 0.751561417697 0.065662740704 HodorBran 346.0 306.0 Scylla&Charybdis
80182781.0 28.1 32.92 2998591549.3 0.642092575584 0.215978146143 HodorBran 346.0 306.0 Scylla&Charybdis
80183213.0 40.44 39.06 9947887323.94 0.439540504378 0.268163296631 HodorBran 346.0 306.0 Scylla&Charybdis
80183361.0 25.36 32.45 2529577464.79 0.649993506903 0.134516535319 HodorBran 346.0 306.0 Scylla&Charybdis
80304150.0 23.33 32.54 2809859154.93 0.729892437584 0.0482297800554 HodorBran 346.0 306.0 Scylla&Charybdis
80303912.0 30.01 39.64 4526760563.38 0.976523655886 0.274656035271 HodorBran 346.0 306.0 Scylla&Charybdis
80183269.0 23.73 40.01 2943661971.83 0.676655027459 0.0332370761874 HodorBran 346.0 306.0 Scylla&Charybdis
80304187.0 20.76 28.41 2042253521.13 0.799414803199 0.156254892246 HodorBran 346.0 306.0 Scylla&Charybdis
80180171.0 84.4 89.04 91352112676.1 0.591216192935 0.221434824882 HodorBran 346.0 306.0 Scylla&Charybdis
20829253.0 32.51 39.34 6147887323.94 0.193530992327 0.931073586569 JerryTom 266.0 338.0 Kek&Kauket
20830038.0 33.59 39.38 7581690140.85 0.205209395624 1.18279249972 JerryTom 266.0 338.0 Kek&Kauket
20837743.0 25.18 33.09 4888732394.37 0.221444462272 1.09035421402 JerryTom 266.0 338.0 Kek&Kauket
20831050.0 25.05 29.09 2397183098.59 0.136719140533 1.01234659708 JerryTom 266.0 338.0 Kek&Kauket
20837744.0 63.57 66.3 63521126760.6 0.189572157911 1.10734295534 JerryTom 266.0 338.0 Kek&Kauket
20831211.0 27.93 34.38 3739436619.72 0.109762717694 0.946370353542 JerryTom 266.0 338.0 Kek&Kauket
20829818.0 32.87 42.31 6890140845.07 0.0568604667239 1.08818192915 JerryTom 266.0 338.0 Kek&Kauket
20830105.0 25.43 31.24 2669014084.51 0.183543456858 1.18385733258 JerryTom 266.0 338.0 Kek&Kauket
20827579.0 39.57 44.88 19478873239.4 0.264589417793 1.00760653687 JerryTom 266.0 338.0 Kek&Kauket
20837497.0 18.42 25.16 2104225352.11 1.05606489671 0.130648145449 JerryTom 266.0 338.0 Kek&Kauket
20833425.0 31.06 44.89 13452112676.1 1.0723015268 0.0950342393325 JerryTom 266.0 338.0 Kek&Kauket
20833408.0 39.6 60.09 59760563380.3 1.07449874097 0.168759534251 JerryTom 266.0 338.0 Kek&Kauket
20833387.0 25.75 31.36 2870422535.21 1.08955439598 0.140099466607 JerryTom 266.0 338.0 Kek&Kauket
20834866.0 27.89 32.32 8177464788.73 1.11003552568 0.102409632316 JerryTom 266.0 338.0 Kek&Kauket
20832194.0 25.37 36.64 3880281690.14 0.998924887351 0.0862415298331 JerryTom 266.0 338.0 Kek&Kauket
20832554.0 26.82 27.2 2957746478.87 1.09830285589 0.221015970272 JerryTom 266.0 338.0 Kek&Kauket
20835885.0 27.29 27.63 5500000000.0 1.07690554335 0.065207431518 JerryTom 266.0 338.0 Kek&Kauket
20835897.0 27.15 28.14 7228169014.08 1.04275460109 0.0721877497643 JerryTom 266.0 338.0 Kek&Kauket
52736511.0 19.47 29.7 2152112676.06 0.0474534173698 0.666942250337 KobeShaq 295.0 368.0 Serena&Venus
52736552.0 24.49 46.31 7878873239.44 0.042888121827 0.672192697974 KobeShaq 295.0 368.0 Serena&Venus
52733649.0 24.96 38.11 8664788732.39 0.239657143684 0.661381320376 KobeShaq 295.0 368.0 Serena&Venus
52734273.0 24.48 32.6 5778873239.44 0.159012766496 0.668816760967 KobeShaq 295.0 368.0 Serena&Venus
52736547.0 22.99 34.75 4822535211.27 0.257292445862 0.473082777767 KobeShaq 295.0 368.0 Serena&Venus
52727307.0 22.79 26.89 2898591549.3 0.101033208326 0.758514997733 KobeShaq 295.0 368.0 Serena&Venus
52732392.0 29.32 30.51 3077464788.73 0.124858845118 0.760074911086 KobeShaq 295.0 368.0 Serena&Venus
52736544.0 24.62 34.53 3964788732.39 0.114225702922 0.697636891154 KobeShaq 295.0 368.0 Serena&Venus
52736505.0 21.17 31.97 4711267605.63 0.0321129416841 0.66256271441 KobeShaq 295.0 368.0 Serena&Venus
52962173.0 28.01 33.1 4947887323.94 0.718460765424 0.18699250887 KobeShaq 295.0 368.0 Serena&Venus
52735542.0 18.9 29.27 2028169014.08 0.561733291355 0.145263502716 KobeShaq 295.0 368.0 Serena&Venus
52734196.0 20.85 19.27 2154929577.46 0.585361830261 0.359661107819 KobeShaq 295.0 368.0 Serena&Venus
52726141.0 28.41 30.22 4683098591.55 0.784792759562 0.249860649915 KobeShaq 295.0 368.0 Serena&Venus
52735416.0 27.07 31.11 3173239436.62 0.643851246403 0.0663242906143 KobeShaq 295.0 368.0 Serena&Venus
52737574.0 49.43 50.43 25816901408.5 0.995015248114 0.365369442344 KobeShaq 295.0 368.0 Serena&Venus
52737626.0 60.78 93.06 110943661972.0 0.68486963995 0.110684784875 KobeShaq 295.0 368.0 Serena&Venus
52736149.0 43.31 43.26 13770422535.2 0.473502028504 0.281572746665 KobeShaq 295.0 368.0 Serena&Venus
52735666.0 12.78 30.77 2611267605.63 0.659718980707 0.0939896987944 KobeShaq 295.0 368.0 Serena&Venus
14342635.0 23.23 29.75 2167605633.8 0.0826932906672 0.819493541252 LincolnDouglas 356.0 287.0 Lincoln&Douglas
14339853.0 43.37 71.24 61887323943.7 0.182954461691 0.732324789084 LincolnDouglas 356.0 287.0 Lincoln&Douglas
14342661.0 36.07 40.28 2908450704.23 0.0945597909089 0.862737611371 LincolnDouglas 356.0 287.0 Lincoln&Douglas
14342642.0 20.03 34.59 3522535211.27 0.0571154668393 0.80736535798 LincolnDouglas 356.0 287.0 Lincoln&Douglas
14349725.0 24.97 29.53 3098591549.3 0.328492087239 0.776277288912 LincolnDouglas 356.0 287.0 Lincoln&Douglas
14342744.0 26.36 40.97 9400000000.0 0.115464215764 0.803270853001 LincolnDouglas 356.0 287.0 Lincoln&Douglas
14342607.0 43.42 54.99 24281690140.8 0.182579805129 0.774639207762 LincolnDouglas 356.0 287.0 Lincoln&Douglas
14339536.0 22.36 31.63 3181690140.85 0.278116559861 0.665357373475 LincolnDouglas 356.0 287.0 Lincoln&Douglas
14340041.0 28.85 28.79 3678873239.44 0.144022895836 0.687271298059 LincolnDouglas 356.0 287.0 Lincoln&Douglas
14347618.0 22.37 46.67 7938028169.01 0.873537468565 0.124494011013 LincolnDouglas 356.0 287.0 Lincoln&Douglas
14347565.0 29.78 38.16 4387323943.66 0.790440714607 0.0350877269374 LincolnDouglas 356.0 287.0 Lincoln&Douglas
14347116.0 17.43 31.65 2321126760.56 0.842880962533 0.0646620163148 LincolnDouglas 356.0 287.0 Lincoln&Douglas
14348756.0 34.6 36.57 6736619718.31 0.814655703652 0.124031490968 LincolnDouglas 356.0 287.0 Lincoln&Douglas
14347569.0 27.13 43.82 6487323943.66 0.828561672867 0.171176155278 LincolnDouglas 356.0 287.0 Lincoln&Douglas
14345991.0 28.55 34.71 5083098591.55 0.851414196325 0.148226429458 LincolnDouglas 356.0 287.0 Lincoln&Douglas
14347518.0 17.33 37.28 3705633802.82 0.842884395834 0.100571165912 LincolnDouglas 356.0 287.0 Lincoln&Douglas
14347503.0 23.94 29.52 3005633802.82 1.0181628284 0.269846868564 LincolnDouglas 356.0 287.0 Lincoln&Douglas
14344381.0 26.88 31.91 2969014084.51 0.719882689671 0.133304278806 LincolnDouglas 356.0 287.0 Lincoln&Douglas
18581370.0 21.79 34.09 3436619718.31 0.0750017086362 0.779319264721 PuffBiggie 276.0 369.0 Orion&Taurus
18582422.0 23.71 42.2 5747887323.94 0.163463379183 0.745639370752 PuffBiggie 276.0 369.0 Orion&Taurus
18582280.0 21.65 31.88 2163380281.69 0.101691831167 0.924232119713 PuffBiggie 276.0 369.0 Orion&Taurus
18581091.0 28.11 36.12 4905633802.82 0.178945967803 0.71177829456 PuffBiggie 276.0 369.0 Orion&Taurus
18582382.0 36.18 41.45 8392957746.48 0.0948463682213 0.796726994017 PuffBiggie 276.0 369.0 Orion&Taurus
18582331.0 28.9 40.31 4956338028.17 0.0653494915089 0.783879777678 PuffBiggie 276.0 369.0 Orion&Taurus
18581567.0 25.98 31.98 5192957746.48 0.25715729897 0.805761608473 PuffBiggie 276.0 369.0 Orion&Taurus
18582341.0 14.78 27.82 2267605633.8 0.117421165947 0.946561032651 PuffBiggie 276.0 369.0 Orion&Taurus
18580815.0 21.42 32.08 2184507042.25 0.123358050766 0.888382842912 PuffBiggie 276.0 369.0 Orion&Taurus
18590921.0 41.56 49.01 25619718309.9 0.716614400752 0.203496083551 PuffBiggie 276.0 369.0 Orion&Taurus
18591121.0 24.03 28.94 3192957746.48 1.03539061223 0.235068588757 PuffBiggie 276.0 369.0 Orion&Taurus
18590282.0 42.12 44.7 12915492957.7 0.878013031315 0.134574765047 PuffBiggie 276.0 369.0 Orion&Taurus
18583735.0 33.86 37.93 9447887323.94 0.827339053078 0.182318895692 PuffBiggie 276.0 369.0 Orion&Taurus
18591113.0 19.46 27.85 2946478873.24 0.93011208794 0.192622660112 PuffBiggie 276.0 369.0 Orion&Taurus
18590659.0 39.76 82.45 152253521127.0 1.00654742812 0.243460486589 PuffBiggie 276.0 369.0 Orion&Taurus
18585238.0 25.87 30.22 3683098591.55 0.842443858681 0.211867735893 PuffBiggie 276.0 369.0 Orion&Taurus
18587488.0 24.84 38.21 6512676056.34 0.852258551243 0.0559680403743 PuffBiggie 276.0 369.0 Orion&Taurus
18584688.0 14.81 31.08 2518309859.15 0.926645668421 0.199570052642 PuffBiggie 276.0 369.0 Orion&Taurus
13133379.0 29.88 31.22 3815492957.75 0.147988968423 1.01941231499 RomulusRemus 323.0 280.0 Romulus&Remus
13132316.0 24.57 33.63 4626760563.38 0.164270381332 0.806722392922 RomulusRemus 323.0 280.0 Romulus&Remus
13130212.0 26.85 32.03 4495774647.89 0.20889761048 0.753129472126 RomulusRemus 323.0 280.0 Romulus&Remus
13130527.0 25.0 31.38 4132394366.2 0.300863977752 0.818997947112 RomulusRemus 323.0 280.0 Romulus&Remus
13130426.0 47.64 69.99 57633802816.9 0.235142661412 0.904605178771 RomulusRemus 323.0 280.0 Romulus&Remus
13132530.0 24.93 31.02 2919718309.86 0.191108964682 1.10703708507 RomulusRemus 323.0 280.0 Romulus&Remus
13130516.0 24.93 32.28 2930985915.49 0.248377270694 0.92040348192 RomulusRemus 323.0 280.0 Romulus&Remus
13133213.0 21.48 30.17 2326760563.38 0.0987002710395 0.912410837508 RomulusRemus 323.0 280.0 Romulus&Remus
13131906.0 21.87 31.5 2352112676.06 0.314095234453 1.1183386655 RomulusRemus 323.0 280.0 Romulus&Remus
13136153.0 23.95 45.01 7354929577.46 0.938576004428 0.0910272155862 RomulusRemus 323.0 280.0 Romulus&Remus
13138419.0 20.39 28.73 4125352112.68 1.05998785134 0.13881782813 RomulusRemus 323.0 280.0 Romulus&Remus
13137853.0 35.6 37.47 3167605633.8 0.841340027844 0.158275317644 RomulusRemus 323.0 280.0 Romulus&Remus
13136457.0 25.57 25.18 2749295774.65 0.97518231257 0.248648718639 RomulusRemus 323.0 280.0 Romulus&Remus
13138253.0 31.85 36.92 3850704225.35 1.09936411911 0.176612545623 RomulusRemus 323.0 280.0 Romulus&Remus
13136104.0 27.23 33.35 3115492957.75 0.910230162116 0.058941299362 RomulusRemus 323.0 280.0 Romulus&Remus
13137514.0 29.81 43.07 8709859154.93 0.90216528373 0.101112496542 RomulusRemus 323.0 280.0 Romulus&Remus
13136155.0 29.22 41.29 3845070422.54 0.957407715772 0.0582420133293 RomulusRemus 323.0 280.0 Romulus&Remus
13138431.0 23.46 38.33 7445070422.54 0.885148897934 0.206516333573 RomulusRemus 323.0 280.0 Romulus&Remus
26098738.0 18.26 22.21 2092957746.48 0.227098691566 0.634658596116 SilentBobJay 362.0 285.0 Zeus&Hera
26106964.0 32.59 32.86 7835211267.61 0.25762504682 0.779969001642 SilentBobJay 362.0 285.0 Zeus&Hera
26107219.0 37.92 38.2 9764788732.39 0.149557350575 0.678475588201 SilentBobJay 362.0 285.0 Zeus&Hera
26103319.0 28.31 47.21 10843661971.8 0.194455323513 0.675007464821 SilentBobJay 362.0 285.0 Zeus&Hera
26103553.0 25.68 37.12 5546478873.24 0.085819833608 0.535181794592 SilentBobJay 362.0 285.0 Zeus&Hera
26107867.0 37.72 39.63 7470422535.21 0.117879722776 0.62999746365 SilentBobJay 362.0 285.0 Zeus&Hera
26103521.0 56.79 56.69 33647887323.9 0.0624984237056 0.622854182034 SilentBobJay 362.0 285.0 Zeus&Hera
26107594.0 50.53 50.83 23802816901.4 0.155974537467 0.565914148653 SilentBobJay 362.0 285.0 Zeus&Hera
26107669.0 34.29 34.36 11200000000.0 0.147253164804 0.717188728223 SilentBobJay 362.0 285.0 Zeus&Hera
26109364.0 24.3 38.16 8669014084.51 0.680210903791 0.162702212396 SilentBobJay 362.0 285.0 Zeus&Hera
26111493.0 23.45 27.64 3278873239.44 0.599807256782 0.106325272064 SilentBobJay 362.0 285.0 Zeus&Hera
26111623.0 21.02 27.95 2569014084.51 0.573521194036 0.0556650420405 SilentBobJay 362.0 285.0 Zeus&Hera
26113203.0 22.89 26.56 2843661971.83 0.680181795512 0.281164078855 SilentBobJay 362.0 285.0 Zeus&Hera
26112442.0 26.02 30.65 3984507042.25 0.585040644607 0.136120933548 SilentBobJay 362.0 285.0 Zeus&Hera
26112887.0 64.66 65.22 49267605633.8 0.519384034069 0.229072304763 SilentBobJay 362.0 285.0 Zeus&Hera
26108390.0 25.59 25.67 2522535211.27 0.64792678401 0.180149873134 SilentBobJay 362.0 285.0 Zeus&Hera
26112449.0 11.51 29.36 2232394366.2 0.64439438867 0.255272493666 SilentBobJay 362.0 285.0 Zeus&Hera
26112015.0 19.29 31.01 2771830985.92 0.450575909991 0.174268640938 SilentBobJay 362.0 285.0 Zeus&Hera
16663622.0 19.88 34.34 4342253521.13 0.0784140430686 0.833580273999 ThelmaLouise 286.0 262.0 Thelma&Louise
16660525.0 25.44 26.66 2478873239.44 0.218336291903 0.762780581057 ThelmaLouise 286.0 262.0 Thelma&Louise
16661473.0 34.58 36.77 7136619718.31 0.247817273233 0.881949633888 ThelmaLouise 286.0 262.0 Thelma&Louise
16661462.0 33.75 36.45 9215492957.75 0.222248214828 0.872375612158 ThelmaLouise 286.0 262.0 Thelma&Louise
16661197.0 23.83 24.94 2583098591.55 0.0648415140176 0.872378975202 ThelmaLouise 286.0 262.0 Thelma&Louise
16659337.0 17.3 36.97 3607042253.52 0.122738835184 0.901009214516 ThelmaLouise 286.0 262.0 Thelma&Louise
16660453.0 33.3 34.67 3550704225.35 0.0520944657943 0.852506209325 ThelmaLouise 286.0 262.0 Thelma&Louise
16661696.0 24.1 24.58 2390140845.07 0.147954188774 0.845095285432 ThelmaLouise 286.0 262.0 Thelma&Louise
16663040.0 41.65 47.86 20704225352.1 0.273346984062 0.938224934212 ThelmaLouise 286.0 262.0 Thelma&Louise
16578217.0 22.03 30.15 2333802816.9 1.00749721516 0.176311383714 ThelmaLouise 286.0 262.0 Thelma&Louise
16578840.0 18.87 34.37 3432394366.2 0.884454085837 0.136358935802 ThelmaLouise 286.0 262.0 Thelma&Louise
16578834.0 52.79 57.69 30690140845.1 0.884305291089 0.103276261134 ThelmaLouise 286.0 262.0 Thelma&Louise
16577148.0 23.67 31.62 5950704225.35 0.8714382009 0.115349361951 ThelmaLouise 286.0 262.0 Thelma&Louise
16658904.0 18.08 24.68 2295774647.89 0.76857700846 0.228090262014 ThelmaLouise 286.0 262.0 Thelma&Louise
16577515.0 21.66 21.86 2592957746.48 0.938255676213 0.209774605806 ThelmaLouise 286.0 262.0 Thelma&Louise
16578814.0 16.96 29.66 3497183098.59 1.04466707812 0.224934449664 ThelmaLouise 286.0 262.0 Thelma&Louise
16577588.0 24.03 33.11 4800000000.0 0.945140926402 0.137673863316 ThelmaLouise 286.0 262.0 Thelma&Louise
16658977.0 24.46 24.77 2329577464.79 0.646078386338 0.23085833732 ThelmaLouise 286.0 262.0 Thelma&Louise
20438339.0 20.28 29.89 2521126760.56 0.0681513144872 -1.0 iAmbrosia 262.0 -1.0 iKauket
20407709.0 29.86 42.86 8205633802.82 0.183373345318 -1.0 iAmbrosia 262.0 -1.0 iKauket
20438218.0 28.72 29.85 7864788732.39 0.149692055785 -1.0 iAmbrosia 262.0 -1.0 iKauket
20421517.0 26.55 33.13 3925352112.68 0.123009559449 -1.0 iAmbrosia 262.0 -1.0 iKauket
20467100.0 11.73 35.08 2449295774.65 0.0993859524587 -1.0 iAmbrosia 262.0 -1.0 iKauket
20421069.0 30.06 34.65 3691549295.77 0.0892141238197 -1.0 iAmbrosia 262.0 -1.0 iKauket
20438155.0 33.67 35.17 7485915492.96 0.228669402188 -1.0 iAmbrosia 262.0 -1.0 iKauket
20438220.0 36.58 36.86 16605633802.8 0.119519859547 -1.0 iAmbrosia 262.0 -1.0 iKauket
20421289.0 28.61 29.09 2538028169.01 0.239307881298 -1.0 iAmbrosia 262.0 -1.0 iKauket
10252127.0 25.56 29.35 3146478873.24 0.107854623073 -1.0 iAshley 324.0 -1.0 iCher
10252159.0 24.23 25.22 3991549295.77 0.249282973333 -1.0 iAshley 324.0 -1.0 iCher
10249002.0 24.97 24.97 2349295774.65 0.275548174498 -1.0 iAshley 324.0 -1.0 iCher
10252276.0 26.56 31.05 3204225352.11 0.176071027556 -1.0 iAshley 324.0 -1.0 iCher
10252770.0 27.8 27.12 4692957746.48 0.279690623497 -1.0 iAshley 324.0 -1.0 iCher
10246760.0 19.08 22.53 2200000000.0 0.169968257302 -1.0 iAshley 324.0 -1.0 iCher
10250265.0 20.42 30.36 3673239436.62 0.176243617011 -1.0 iAshley 324.0 -1.0 iCher
10252648.0 34.13 45.35 16211267605.6 0.19101290941 -1.0 iAshley 324.0 -1.0 iCher
10251807.0 23.46 27.15 2084507042.25 0.223423006233 -1.0 iAshley 324.0 -1.0 iCher
24703158.0 23.32 30.73 2636619718.31 0.128699512705 -1.0 iBiggie 369.0 -1.0 iOrion
24702174.0 28.0 30.83 2069014084.51 0.105973408087 -1.0 iBiggie 369.0 -1.0 iOrion
24705381.0 35.09 38.83 7563380281.69 0.250872495357 -1.0 iBiggie 369.0 -1.0 iOrion
24698601.0 36.61 43.97 6338028169.01 0.0825935632308 -1.0 iBiggie 369.0 -1.0 iOrion
24699490.0 23.11 29.41 2721126760.56 0.346045559228 -1.0 iBiggie 369.0 -1.0 iOrion
24699032.0 31.77 33.45 4916901408.45 0.282558835531 -1.0 iBiggie 369.0 -1.0 iOrion
24704051.0 36.86 37.25 10839436619.7 0.367132309005 -1.0 iBiggie 369.0 -1.0 iOrion
24699236.0 17.12 30.58 2380281690.14 0.0743340906471 -1.0 iBiggie 369.0 -1.0 iOrion
24700023.0 28.69 31.82 3430985915.49 0.338073359069 -1.0 iBiggie 369.0 -1.0 iOrion
9382082.0 23.44 27.58 3184507042.25 0.274204384783 -1.0 iBran 304.0 -1.0 iScylla
9383234.0 26.1 30.57 2349295774.65 0.140403924629 -1.0 iBran 304.0 -1.0 iScylla
9383333.0 48.44 51.73 17000000000.0 0.143896668275 -1.0 iBran 304.0 -1.0 iScylla
9383130.0 19.34 27.58 2157746478.87 0.18985040781 -1.0 iBran 304.0 -1.0 iScylla
9383257.0 61.24 72.34 82239436619.7 0.0830531112114 -1.0 iBran 304.0 -1.0 iScylla
9383825.0 39.35 62.16 29436619718.3 0.271006017014 -1.0 iBran 304.0 -1.0 iScylla
9379965.0 20.67 32.84 4443661971.83 0.0768880257148 -1.0 iBran 304.0 -1.0 iScylla
9380417.0 26.03 26.01 2322535211.27 0.291474944592 -1.0 iBran 304.0 -1.0 iScylla
9383334.0 25.68 28.77 2308450704.23 0.122168907728 -1.0 iBran 304.0 -1.0 iScylla
8459842.0 23.47 24.52 2459154929.58 0.179342259113 -1.0 iCher 302.0 -1.0 iBurr
8461081.0 13.73 37.87 3509859154.93 0.0788561412554 -1.0 iCher 302.0 -1.0 iBurr
8459538.0 28.82 46.13 4669014084.51 0.0883608013995 -1.0 iCher 302.0 -1.0 iBurr
8455980.0 20.61 31.21 2488732394.37 0.143624822593 -1.0 iCher 302.0 -1.0 iBurr
8459821.0 32.86 33.79 5142253521.13 0.161108598036 -1.0 iCher 302.0 -1.0 iBurr
8459763.0 17.16 38.38 2650704225.35 0.0825547638235 -1.0 iCher 302.0 -1.0 iBurr
8461054.0 20.43 25.85 2357746478.87 0.136412214277 -1.0 iCher 302.0 -1.0 iBurr
8458848.0 44.81 43.08 22211267605.6 0.136051987216 -1.0 iCher 302.0 -1.0 iBurr
8460361.0 27.12 37.59 9515492957.75 0.110184467785 -1.0 iCher 302.0 -1.0 iBurr
8516858.0 19.19 25.81 2119718309.86 0.262812459392 -1.0 iDouglas 285.0 -1.0 iDouglas
8517693.0 29.78 35.71 7988732394.37 0.205463518632 -1.0 iDouglas 285.0 -1.0 iDouglas
8517288.0 28.76 29.89 4535211267.61 0.271748221364 -1.0 iDouglas 285.0 -1.0 iDouglas
8517495.0 14.45 31.86 2457746478.87 0.149211436449 -1.0 iDouglas 285.0 -1.0 iDouglas
8515150.0 29.12 31.63 5218309859.15 0.159877483593 -1.0 iDouglas 285.0 -1.0 iDouglas
8514176.0 23.24 23.81 2598591549.3 0.227271674009 -1.0 iDouglas 285.0 -1.0 iDouglas
8517906.0 49.43 50.12 20197183098.6 0.14414377507 -1.0 iDouglas 285.0 -1.0 iDouglas
8514373.0 28.47 43.43 6677464788.73 0.114684820331 -1.0 iDouglas 285.0 -1.0 iDouglas
7468889.0 23.21 25.49 2654929577.46 0.082077326723 -1.0 iFrodo 300.0 -1.0 iHall
7473258.0 39.46 52.77 22915492957.7 0.0931067244109 -1.0 iFrodo 300.0 -1.0 iHall
7471725.0 23.29 33.05 5887323943.66 0.119517664504 -1.0 iFrodo 300.0 -1.0 iHall
7471640.0 25.6 26.82 3132394366.2 0.297072233843 -1.0 iFrodo 300.0 -1.0 iHall
7471054.0 27.92 32.67 2950704225.35 0.0409191484634 -1.0 iFrodo 300.0 -1.0 iHall
7473189.0 35.17 51.49 16690140845.1 0.119519882783 -1.0 iFrodo 300.0 -1.0 iHall
7473264.0 73.04 84.49 118422535211.0 0.0567757589837 -1.0 iFrodo 300.0 -1.0 iHall
7472991.0 23.18 38.62 6133802816.9 0.216787136992 -1.0 iFrodo 300.0 -1.0 iHall
15350610.0 23.09 38.67 5932394366.2 0.30081769934 -1.0 iHodor 343.0 -1.0 iCharybdis
15344824.0 31.52 31.34 2528169014.08 0.267172804155 -1.0 iHodor 343.0 -1.0 iCharybdis
15349472.0 18.3 26.46 2108450704.23 0.206133304679 -1.0 iHodor 343.0 -1.0 iCharybdis
15350387.0 25.78 33.53 5488732394.37 0.175118346924 -1.0 iHodor 343.0 -1.0 iCharybdis
15350534.0 16.42 34.83 3915492957.75 0.0985347572848 -1.0 iHodor 343.0 -1.0 iCharybdis
15348661.0 23.14 29.38 2342253521.13 0.212967174599 -1.0 iHodor 343.0 -1.0 iCharybdis
15343167.0 25.57 44.87 9546478873.24 0.170026867546 -1.0 iHodor 343.0 -1.0 iCharybdis
15349408.0 19.57 33.91 3550704225.35 0.160554690276 -1.0 iHodor 343.0 -1.0 iCharybdis
15350583.0 25.85 31.75 5747887323.94 0.306283997825 -1.0 iHodor 343.0 -1.0 iCharybdis
6590711.0 24.66 25.73 3777464788.73 0.207836062805 -1.0 iJay 278.0 -1.0 iHera
6592484.0 20.24 26.39 2385915492.96 0.246794026286 -1.0 iJay 278.0 -1.0 iHera
6592508.0 31.86 32.25 4928169014.08 0.118222840231 -1.0 iJay 278.0 -1.0 iHera
6592521.0 23.11 23.63 2354929577.46 0.097865099311 -1.0 iJay 278.0 -1.0 iHera
6591239.0 18.36 39.12 5692957746.48 0.0713050922955 -1.0 iJay 278.0 -1.0 iHera
6590633.0 27.76 29.85 3188732394.37 0.246626491811 -1.0 iJay 278.0 -1.0 iHera
6591578.0 14.67 22.08 2230985915.49 0.212210317855 -1.0 iJay 278.0 -1.0 iHera
6592072.0 19.95 32.58 2759154929.58 0.0937646847588 -1.0 iJay 278.0 -1.0 iHera
6591570.0 23.19 32.19 5323943661.97 0.25242664257 -1.0 iJay 278.0 -1.0 iHera
12943026.0 32.9 35.44 5456338028.17 0.227945034824 -1.0 iKobe 291.0 -1.0 iVenus
12944509.0 40.42 42.55 7177464788.73 0.110111286153 -1.0 iKobe 291.0 -1.0 iVenus
12947152.0 37.05 42.63 6291549295.77 0.185033662501 -1.0 iKobe 291.0 -1.0 iVenus
12945427.0 23.09 24.93 2078873239.44 0.286016499539 -1.0 iKobe 291.0 -1.0 iVenus
12944473.0 19.8 29.89 2339436619.72 0.16800440017 -1.0 iKobe 291.0 -1.0 iVenus
12946500.0 17.12 28.86 3815492957.75 0.177597917872 -1.0 iKobe 291.0 -1.0 iVenus
12946311.0 30.84 35.38 4229577464.79 0.25187379902 -1.0 iKobe 291.0 -1.0 iVenus
12944875.0 23.68 30.49 2867605633.8 0.150332686016 -1.0 iKobe 291.0 -1.0 iVenus
12960638.0 33.69 33.91 6576056338.03 0.259415890502 -1.0 iLincoln 359.0 -1.0 iLincoln
12954742.0 22.59 27.63 3347887323.94 0.165897830787 -1.0 iLincoln 359.0 -1.0 iLincoln
12959383.0 20.43 21.58 2004225352.11 0.281860088171 -1.0 iLincoln 359.0 -1.0 iLincoln
12959991.0 20.86 30.48 2330985915.49 0.231622680363 -1.0 iLincoln 359.0 -1.0 iLincoln
12959943.0 28.85 39.41 5226760563.38 0.204991857822 -1.0 iLincoln 359.0 -1.0 iLincoln
12959445.0 40.26 44.54 10983098591.5 0.230010236268 -1.0 iLincoln 359.0 -1.0 iLincoln
12957919.0 35.57 46.47 18619718309.9 0.28888667709 -1.0 iLincoln 359.0 -1.0 iLincoln
12956827.0 24.52 33.34 3249295774.65 0.311678041172 -1.0 iLincoln 359.0 -1.0 iLincoln
12953778.0 20.16 32.48 2464788732.39 0.110599129414 -1.0 iLincoln 359.0 -1.0 iLincoln
6761873.0 21.04 26.94 2821126760.56 0.19564221278 -1.0 iLouise 261.0 -1.0 iLouise
6825689.0 37.58 44.03 10583098591.5 0.215250465146 -1.0 iLouise 261.0 -1.0 iLouise
6752912.0 19.68 33.31 3526760563.38 0.182618539166 -1.0 iLouise 261.0 -1.0 iLouise
6825967.0 23.06 23.04 2063380281.69 0.201225371829 -1.0 iLouise 261.0 -1.0 iLouise
6752817.0 13.23 37.38 3907042253.52 0.0671990000965 -1.0 iLouise 261.0 -1.0 iLouise
6752934.0 36.14 41.55 6156338028.17 0.0112003184555 -1.0 iLouise 261.0 -1.0 iLouise
6826213.0 42.85 46.49 9435211267.61 0.194065579935 -1.0 iLouise 261.0 -1.0 iLouise
6826040.0 35.57 46.92 16239436619.7 0.211892354199 -1.0 iLouise 261.0 -1.0 iLouise
6761896.0 34.1 38.49 4429577464.79 0.168656497309 -1.0 iLouise 261.0 -1.0 iLouise
17474884.0 21.89 22.79 2084507042.25 0.226964223564 -1.0 iMaryKate 310.0 -1.0 iSonny
17472118.0 24.45 27.34 4450704225.35 0.168572978374 -1.0 iMaryKate 310.0 -1.0 iSonny
17454970.0 27.2 32.26 3432394366.2 0.16740496983 -1.0 iMaryKate 310.0 -1.0 iSonny
17456616.0 23.85 35.14 5370422535.21 0.0974968786219 -1.0 iMaryKate 310.0 -1.0 iSonny
17474537.0 33.7 34.94 4892957746.48 0.155388524457 -1.0 iMaryKate 310.0 -1.0 iSonny
17474764.0 24.63 31.58 3802816901.41 0.133896332036 -1.0 iMaryKate 310.0 -1.0 iSonny
17474282.0 31.93 34.12 4333802816.9 0.144691766868 -1.0 iMaryKate 310.0 -1.0 iSonny
17454979.0 22.27 37.48 5629577464.79 0.059940585871 -1.0 iMaryKate 310.0 -1.0 iSonny
17473938.0 13.49 29.27 2352112676.06 0.0677044201968 -1.0 iMaryKate 310.0 -1.0 iSonny
7725584.0 28.57 26.61 5328169014.08 0.116842001705 -1.0 iPuff 279.0 -1.0 iTaurus
7725880.0 33.14 51.19 19338028169.0 0.114474040252 -1.0 iPuff 279.0 -1.0 iTaurus
7726766.0 17.07 29.08 2318309859.15 0.143366971352 -1.0 iPuff 279.0 -1.0 iTaurus
7725408.0 25.98 34.41 4298591549.3 0.206854663029 -1.0 iPuff 279.0 -1.0 iTaurus
7725993.0 42.48 44.07 10802816901.4 0.217427725715 -1.0 iPuff 279.0 -1.0 iTaurus
7725879.0 25.31 40.33 9663380281.69 0.125235370547 -1.0 iPuff 279.0 -1.0 iTaurus
7724113.0 45.63 45.84 13935211267.6 0.161681202825 -1.0 iPuff 279.0 -1.0 iTaurus
7724186.0 38.29 39.69 15492957746.5 0.106513096259 -1.0 iPuff 279.0 -1.0 iTaurus
7723475.0 28.87 29.43 4194366197.18 0.228115939315 -1.0 iPuff 279.0 -1.0 iTaurus
13874068.0 33.11 39.9 5557746478.87 0.0439538630269 -1.0 iRemus 327.0 -1.0 iRomulus
13872066.0 25.39 26.3 2461971830.99 0.248800270276 -1.0 iRemus 327.0 -1.0 iRomulus
13875884.0 40.68 55.1 31267605633.8 0.175151038627 -1.0 iRemus 327.0 -1.0 iRomulus
13876649.0 18.99 20.14 2088732394.37 0.307683231648 -1.0 iRemus 327.0 -1.0 iRomulus
13874022.0 22.16 32.15 3495774647.89 0.156534153088 -1.0 iRemus 327.0 -1.0 iRomulus
13871738.0 21.69 29.87 2180281690.14 0.111558302738 -1.0 iRemus 327.0 -1.0 iRomulus
13875875.0 17.05 35.57 4881690140.85 0.103839675647 -1.0 iRemus 327.0 -1.0 iRomulus
13871464.0 33.42 33.95 2909859154.93 0.0254325094553 -1.0 iRemus 327.0 -1.0 iRomulus
13876351.0 36.87 36.69 10761971831.0 0.137462188991 -1.0 iRemus 327.0 -1.0 iRomulus
9752747.0 27.79 31.68 3778873239.44 0.124423671182 -1.0 iRomulus 285.0 -1.0 iRemus
9751615.0 20.75 37.42 4202816901.41 0.117826377131 -1.0 iRomulus 285.0 -1.0 iRemus
9749224.0 17.82 35.33 3883098591.55 0.174264049467 -1.0 iRomulus 285.0 -1.0 iRemus
9753376.0 24.38 25.49 2170422535.21 0.22029121814 -1.0 iRomulus 285.0 -1.0 iRemus
9753362.0 26.47 29.15 2738028169.01 0.200380230211 -1.0 iRomulus 285.0 -1.0 iRemus
9750036.0 23.8 26.6 2573239436.62 0.279963456538 -1.0 iRomulus 285.0 -1.0 iRemus
9752884.0 38.12 43.4 9438028169.01 0.280117994876 -1.0 iRomulus 285.0 -1.0 iRemus
9752956.0 21.08 29.56 2023943661.97 0.0572204294299 -1.0 iRomulus 285.0 -1.0 iRemus
9753468.0 18.61 41.81 6064788732.39 0.06670858647 -1.0 iRomulus 285.0 -1.0 iRemus
6494403.0 44.57 61.69 33816901408.5 0.0947551674453 -1.0 iSam 277.0 -1.0 iOates
6494198.0 43.53 64.61 34070422535.2 0.145668548175 -1.0 iSam 277.0 -1.0 iOates
6492035.0 21.5 29.26 3915492957.75 0.15779996201 -1.0 iSam 277.0 -1.0 iOates
6494032.0 24.98 27.72 3070422535.21 0.147712995172 -1.0 iSam 277.0 -1.0 iOates
6492166.0 28.0 29.71 4345070422.54 0.198571944892 -1.0 iSam 277.0 -1.0 iOates
6494541.0 37.6 54.38 33887323943.7 0.146685913404 -1.0 iSam 277.0 -1.0 iOates
6494369.0 55.03 59.68 29366197183.1 0.0221529775382 -1.0 iSam 277.0 -1.0 iOates
6494456.0 23.77 30.33 2761971830.99 0.111277962613 -1.0 iSam 277.0 -1.0 iOates
6492184.0 27.78 32.63 4142253521.13 0.100815052775 -1.0 iSam 277.0 -1.0 iOates
16832852.0 25.75 27.91 3057746478.87 0.227561078909 -1.0 iShaq 361.0 -1.0 iSerana
16827311.0 27.96 29.48 4950704225.35 0.278104055885 -1.0 iShaq 361.0 -1.0 iSerana
16831812.0 22.23 24.64 2522535211.27 0.135307419597 -1.0 iShaq 361.0 -1.0 iSerana
16827538.0 35.8 41.26 7353521126.76 0.353128203447 -1.0 iShaq 361.0 -1.0 iSerana
16832805.0 24.18 37.52 3529577464.79 0.242005545373 -1.0 iShaq 361.0 -1.0 iSerana
16826583.0 22.6 23.57 3639436619.72 0.216131891779 -1.0 iShaq 361.0 -1.0 iSerana
16832354.0 27.74 28.33 3683098591.55 0.152881207344 -1.0 iShaq 361.0 -1.0 iSerana
16824978.0 20.11 37.83 7077464788.73 0.0249969924793 -1.0 iShaq 361.0 -1.0 iSerana
16827938.0 27.56 28.34 3505633802.82 0.301737546742 -1.0 iShaq 361.0 -1.0 iSerana
12774793.0 19.72 23.82 2785915492.96 0.199399153997 -1.0 iSilentBob 358.0 -1.0 iZeus
12772273.0 60.27 80.54 109802816901.0 0.290705936778 -1.0 iSilentBob 358.0 -1.0 iZeus
12774512.0 28.56 32.4 2877464788.73 0.347530632274 -1.0 iSilentBob 358.0 -1.0 iZeus
12773127.0 20.78 26.78 2033802816.9 0.117526080034 -1.0 iSilentBob 358.0 -1.0 iZeus
12776052.0 22.76 25.14 2312676056.34 0.109788028618 -1.0 iSilentBob 358.0 -1.0 iZeus
12774420.0 44.82 54.06 13387323943.7 0.102538805849 -1.0 iSilentBob 358.0 -1.0 iZeus
12772297.0 24.39 34.03 4549295774.65 0.108818051716 -1.0 iSilentBob 358.0 -1.0 iZeus
12776359.0 32.03 46.73 7414084507.04 0.153681371983 -1.0 iSilentBob 358.0 -1.0 iZeus
12774709.0 19.17 26.11 2015492957.75 0.0591479556587 -1.0 iSilentBob 358.0 -1.0 iZeus
7567854.0 27.83 39.58 4794366197.18 0.0866108377447 -1.0 iSonny 321.0 -1.0 iHamilton
7568580.0 23.79 33.56 5081690140.85 0.247604812606 -1.0 iSonny 321.0 -1.0 iHamilton
7570044.0 20.74 51.54 9812676056.34 0.173906769766 -1.0 iSonny 321.0 -1.0 iHamilton
7567540.0 17.01 29.84 2863380281.69 0.227786184663 -1.0 iSonny 321.0 -1.0 iHamilton
7565207.0 26.12 33.56 2807042253.52 0.240305785328 -1.0 iSonny 321.0 -1.0 iHamilton
7567338.0 23.07 34.97 4236619718.31 0.236116854154 -1.0 iSonny 321.0 -1.0 iHamilton
7563121.0 24.81 24.9 2611267605.63 0.274640346953 -1.0 iSonny 321.0 -1.0 iHamilton
7564726.0 18.99 34.1 2890140845.07 0.0405451494634 -1.0 iSonny 321.0 -1.0 iHamilton
7569819.0 26.46 35.25 5038028169.01 0.274716233822 -1.0 iSonny 321.0 -1.0 iHamilton
12540413.0 23.73 30.6 3678873239.44 0.130132633422 -1.0 iTennille 342.0 -1.0 iRoy
12540188.0 31.5 36.67 5708450704.23 0.286501334516 -1.0 iTennille 342.0 -1.0 iRoy
12540613.0 24.84 31.31 3191549295.77 0.0763215797466 -1.0 iTennille 342.0 -1.0 iRoy
12537496.0 22.55 31.94 3098591549.3 0.179120196053 -1.0 iTennille 342.0 -1.0 iRoy
12540236.0 42.03 44.59 12149295774.6 0.206438194214 -1.0 iTennille 342.0 -1.0 iRoy
12539772.0 21.98 27.95 2188732394.37 0.141894648425 -1.0 iTennille 342.0 -1.0 iRoy
12539539.0 54.28 62.74 62774647887.3 0.0694395251228 -1.0 iTennille 342.0 -1.0 iRoy
12541382.0 19.04 38.13 7564788732.39 0.123030725483 -1.0 iTennille 342.0 -1.0 iRoy
7439563.0 34.89 38.86 6092957746.48 0.1149738704 -1.0 iThelma 290.0 -1.0 iThelma
7432054.0 36.8 43.78 9661971830.99 0.0749994300051 -1.0 iThelma 290.0 -1.0 iThelma
7439771.0 27.16 26.03 4528169014.08 0.0891207519653 -1.0 iThelma 290.0 -1.0 iThelma
7439726.0 25.91 39.88 5084507042.25 0.148676740815 -1.0 iThelma 290.0 -1.0 iThelma
7432370.0 17.08 32.93 3384507042.25 0.0576722040365 -1.0 iThelma 290.0 -1.0 iThelma
7431645.0 21.85 35.74 5828169014.08 0.151126806505 -1.0 iThelma 290.0 -1.0 iThelma
7432256.0 13.56 36.03 3176056338.03 0.154819038672 -1.0 iThelma 290.0 -1.0 iThelma
7432378.0 27.75 60.42 15549295774.6 0.12493325415 -1.0 iThelma 290.0 -1.0 iThelma
21260155.0 22.18 37.52 5271830985.92 0.1342545089 -1.0 iTom 349.0 -1.0 iKek
21261300.0 31.52 46.57 9357746478.87 0.265415230524 -1.0 iTom 349.0 -1.0 iKek
21256767.0 28.26 29.42 2400000000.0 0.328179735967 -1.0 iTom 349.0 -1.0 iKek
21262325.0 71.43 71.1 152957746479.0 0.281238639921 -1.0 iTom 349.0 -1.0 iKek
21261495.0 24.83 24.75 2477464788.73 0.186482418268 -1.0 iTom 349.0 -1.0 iKek
21262450.0 47.89 70.53 37830985915.5 0.125554264123 -1.0 iTom 349.0 -1.0 iKek
21262426.0 22.08 30.88 2181690140.85 0.21405286321 -1.0 iTom 349.0 -1.0 iKek
21257594.0 23.08 27.35 3726760563.38 0.199936471263 -1.0 iTom 349.0 -1.0 iKek
21260054.0 27.47 31.11 4345070422.54 0.167883992428 -1.0 iTom 349.0 -1.0 iKek
10069111.0 22.97 46.36 7190140845.07 0.189072999886 -1.0 itheCaptain 349.0 -1.0 iSiegfried
10067168.0 23.7 27.32 2554929577.46 0.299029281523 -1.0 itheCaptain 349.0 -1.0 iSiegfried
10064871.0 19.02 27.6 2033802816.9 0.298826379887 -1.0 itheCaptain 349.0 -1.0 iSiegfried
10066798.0 19.9 28.35 2526760563.38 0.22057352656 -1.0 itheCaptain 349.0 -1.0 iSiegfried
10064893.0 32.2 44.36 6415492957.75 0.127014070451 -1.0 itheCaptain 349.0 -1.0 iSiegfried
10066297.0 44.55 56.6 18901408450.7 0.1178904336 -1.0 itheCaptain 349.0 -1.0 iSiegfried
10062898.0 41.32 53.61 17507042253.5 0.0692801282004 -1.0 itheCaptain 349.0 -1.0 iSiegfried
10066535.0 22.99 25.75 2305633802.82 0.307558306799 -1.0 itheCaptain 349.0 -1.0 iSiegfried
10064110.0 26.45 31.41 3569014084.51 0.11903890982 -1.0 itheCaptain 349.0 -1.0 iSiegfried
64788916.0 58.17 60.38 29605633802.8 0.332121241333 0.795536624131 theCaptainTennille 337.0 336.0 Siegfried&Roy
64783228.0 47.27 64.72 43338028169.0 0.283760663 0.76492190408 theCaptainTennille 337.0 336.0 Siegfried&Roy
64788072.0 31.12 45.51 11321126760.6 0.135331171161 0.827758980367 theCaptainTennille 337.0 336.0 Siegfried&Roy
64786363.0 22.68 26.01 2671830985.92 0.275689023019 0.95494859593 theCaptainTennille 337.0 336.0 Siegfried&Roy
64789581.0 30.86 34.92 4690140845.07 0.122189350004 0.850293283942 theCaptainTennille 337.0 336.0 Siegfried&Roy
64870969.0 24.52 26.12 2346478873.24 0.294629998043 0.847413424487 theCaptainTennille 337.0 336.0 Siegfried&Roy
64789370.0 28.29 33.55 5780281690.14 0.165099526348 0.989438128313 theCaptainTennille 337.0 336.0 Siegfried&Roy
64780476.0 14.6 25.55 2132394366.2 0.150110756571 0.937150575601 theCaptainTennille 337.0 336.0 Siegfried&Roy
64787045.0 31.01 35.87 3284507042.25 0.102728749593 0.884411003353 theCaptainTennille 337.0 336.0 Siegfried&Roy
64556501.0 30.61 62.53 41492957746.5 0.812324658205 0.204954059812 theCaptainTennille 337.0 336.0 Siegfried&Roy
64785476.0 20.14 32.92 4476056338.03 0.709603151635 0.181211310847 theCaptainTennille 337.0 336.0 Siegfried&Roy
64780250.0 34.34 41.6 10918309859.2 1.0210969307 0.183107946132 theCaptainTennille 337.0 336.0 Siegfried&Roy
64785689.0 19.69 28.58 2247887323.94 0.924691547836 0.07991590874 theCaptainTennille 337.0 336.0 Siegfried&Roy
64556500.0 63.91 82.67 110408450704.0 0.78749044688 0.235194123521 theCaptainTennille 337.0 336.0 Siegfried&Roy
64782021.0 27.25 29.87 2883098591.55 0.900303073571 0.0874004038273 theCaptainTennille 337.0 336.0 Siegfried&Roy
64556519.0 33.13 70.69 44859154929.6 0.906800961913 0.110213119725 theCaptainTennille 337.0 336.0 Siegfried&Roy
64556509.0 35.66 47.04 12269014084.5 0.92750981753 0.174140563699 theCaptainTennille 337.0 336.0 Siegfried&Roy
64555331.0 22.14 27.33 2211267605.63 1.02853581292 0.15493743514 theCaptainTennille 337.0 336.0 Siegfried&Roy
