ID Vmax(km/s) Vpeak(km/s) Mpeak(Msun) h1dist(Mpc) h2dist(Mpc) HostName R1vir(kpc) R2vir(kpc) ELVISname
14337444.0 22.55 24.58 1584507042.25 0.287981465961 0.674940998692 LincolnDouglas 356 287 Lincoln&Douglas
14337466.0 19.69 28.06 2015492957.75 0.0851213819947 0.804897135127 LincolnDouglas 356 287 Lincoln&Douglas
14337695.0 13.0 24.4 1361126760.56 0.163140200608 0.86319885728 LincolnDouglas 356 287 Lincoln&Douglas
14337701.0 19.79 25.65 1488732394.37 0.120158301656 0.897133261932 LincolnDouglas 356 287 Lincoln&Douglas
14339438.0 26.14 30.48 4135211267.61 0.090219658547 0.765775941708 LincolnDouglas 356 287 Lincoln&Douglas
14339524.0 16.8 22.93 1618309859.15 0.145088437279 0.862084189722 LincolnDouglas 356 287 Lincoln&Douglas
14339536.0 22.36 31.63 3181690140.85 0.278116559861 0.665357373475 LincolnDouglas 356 287 Lincoln&Douglas
14339964.0 23.29 26.73 2298591549.3 0.327325953607 0.735413683349 LincolnDouglas 356 287 Lincoln&Douglas
14340041.0 28.85 28.79 3678873239.44 0.144022895836 0.687271298059 LincolnDouglas 356 287 Lincoln&Douglas
14340086.0 51.86 62.36 26915492957.7 0.11068774113 0.673834246788 LincolnDouglas 356 287 Lincoln&Douglas
14340718.0 26.02 24.6 2125352112.68 0.18297229718 0.799782791754 LincolnDouglas 356 287 Lincoln&Douglas
14340954.0 26.88 28.24 3080281690.14 0.249272497123 0.750127528799 LincolnDouglas 356 287 Lincoln&Douglas
14341257.0 24.36 37.18 6614084507.04 0.318882295323 0.812884974001 LincolnDouglas 356 287 Lincoln&Douglas
14341567.0 16.31 30.6 2108450704.23 0.188464419278 0.723914564138 LincolnDouglas 356 287 Lincoln&Douglas
14342011.0 38.3 38.2 9267605633.8 0.247190667995 0.94326431878 LincolnDouglas 356 287 Lincoln&Douglas
14342148.0 17.18 28.15 1707042253.52 0.122675800844 0.856571452387 LincolnDouglas 356 287 Lincoln&Douglas
14342236.0 23.14 25.76 2161971830.99 0.114330100805 0.822753327486 LincolnDouglas 356 287 Lincoln&Douglas
14342607.0 43.42 54.99 24281690140.8 0.182579805129 0.774639207762 LincolnDouglas 356 287 Lincoln&Douglas
14342618.0 21.2 27.34 1467605633.8 0.212685263302 0.716488077809 LincolnDouglas 356 287 Lincoln&Douglas
14342624.0 20.27 52.97 12495774647.9 0.0552792804714 0.748368653896 LincolnDouglas 356 287 Lincoln&Douglas
14342633.0 24.19 34.25 2921126760.56 0.0876110443961 0.822163771646 LincolnDouglas 356 287 Lincoln&Douglas
14342635.0 23.23 29.75 2167605633.8 0.0826932906672 0.819493541252 LincolnDouglas 356 287 Lincoln&Douglas
14342642.0 20.03 34.59 3522535211.27 0.0571154668393 0.80736535798 LincolnDouglas 356 287 Lincoln&Douglas
14342661.0 36.07 40.28 2908450704.23 0.0945597909089 0.862737611371 LincolnDouglas 356 287 Lincoln&Douglas
14342701.0 21.66 32.29 2214084507.04 0.0841764908439 0.792201438664 LincolnDouglas 356 287 Lincoln&Douglas
14342708.0 34.01 42.76 7305633802.82 0.159925990248 0.676635438742 LincolnDouglas 356 287 Lincoln&Douglas
14342744.0 26.36 40.97 9400000000.0 0.115464215764 0.803270853001 LincolnDouglas 356 287 Lincoln&Douglas
14342773.0 25.8 27.52 2450704225.35 0.131426457411 0.787108648535 LincolnDouglas 356 287 Lincoln&Douglas
14342809.0 21.64 33.53 4602816901.41 0.160714621135 0.781119936938 LincolnDouglas 356 287 Lincoln&Douglas
14342840.0 31.47 41.36 7633802816.9 0.274854882271 0.812752575913 LincolnDouglas 356 287 Lincoln&Douglas
14343232.0 22.16 33.77 5042253521.13 0.0940724522091 0.859021014038 LincolnDouglas 356 287 Lincoln&Douglas
14343241.0 36.29 39.33 7167605633.8 0.138018276449 0.884218943616 LincolnDouglas 356 287 Lincoln&Douglas
14343349.0 24.32 25.41 1808450704.23 0.238363848644 0.89655116954 LincolnDouglas 356 287 Lincoln&Douglas
14343364.0 32.81 36.74 6938028169.01 0.273247899535 0.871727534193 LincolnDouglas 356 287 Lincoln&Douglas
14343404.0 25.72 28.02 2492957746.48 0.25622700699 0.960095142268 LincolnDouglas 356 287 Lincoln&Douglas
14343410.0 35.23 37.65 6861971830.99 0.237286781894 0.923947470363 LincolnDouglas 356 287 Lincoln&Douglas
14343446.0 23.84 27.63 2935211267.61 0.241087444965 0.790088770095 LincolnDouglas 356 287 Lincoln&Douglas
14343552.0 21.9 26.36 1457746478.87 0.279192449263 0.894191647379 LincolnDouglas 356 287 Lincoln&Douglas
14343586.0 16.36 22.24 1346901408.45 0.0973858285545 0.873037006069 LincolnDouglas 356 287 Lincoln&Douglas
14343590.0 22.83 35.97 6338028169.01 0.0763066798063 0.723874185574 LincolnDouglas 356 287 Lincoln&Douglas
14343799.0 22.45 23.64 1368309859.15 0.245031658339 1.00117902415 LincolnDouglas 356 287 Lincoln&Douglas
14343820.0 22.67 23.47 1422535211.27 0.0865519269819 0.835208884993 LincolnDouglas 356 287 Lincoln&Douglas
14343951.0 25.09 28.61 3050704225.35 0.153330794277 0.757836857011 LincolnDouglas 356 287 Lincoln&Douglas
14343966.0 23.7 28.04 1738028169.01 0.160403548444 0.723215998221 LincolnDouglas 356 287 Lincoln&Douglas
14343980.0 16.83 29.51 1761971830.99 0.0347986899132 0.812499741291 LincolnDouglas 356 287 Lincoln&Douglas
14344381.0 26.88 31.91 2969014084.51 0.719882689671 0.133304278806 LincolnDouglas 356 287 Lincoln&Douglas
14345019.0 20.94 24.37 2192957746.48 0.199192222139 0.967382843532 LincolnDouglas 356 287 Lincoln&Douglas
14345224.0 24.36 44.13 7725352112.68 0.76202319592 0.0976925420453 LincolnDouglas 356 287 Lincoln&Douglas
14345866.0 19.48 26.8 1661971830.99 0.704668513097 0.0774973465512 LincolnDouglas 356 287 Lincoln&Douglas
14345961.0 19.51 26.71 1299154929.58 0.608595734704 0.286630686367 LincolnDouglas 356 287 Lincoln&Douglas
14345991.0 28.55 34.71 5083098591.55 0.851414196325 0.148226429458 LincolnDouglas 356 287 Lincoln&Douglas
14345995.0 23.9 62.56 23197183098.6 0.760666432638 0.120118711532 LincolnDouglas 356 287 Lincoln&Douglas
14346805.0 16.07 42.3 6356338028.17 0.813551916773 0.0893933376472 LincolnDouglas 356 287 Lincoln&Douglas
14346905.0 15.97 26.97 1542253521.13 0.919747801222 0.204643884881 LincolnDouglas 356 287 Lincoln&Douglas
14347018.0 22.43 24.02 1331549295.77 0.750001011703 0.136446302019 LincolnDouglas 356 287 Lincoln&Douglas
14347116.0 17.43 31.65 2321126760.56 0.842880962533 0.0646620163148 LincolnDouglas 356 287 Lincoln&Douglas
14347228.0 28.84 32.26 3554929577.46 0.818393140534 0.245030503872 LincolnDouglas 356 287 Lincoln&Douglas
14347293.0 24.03 24.04 1422535211.27 0.313588015023 0.641461030245 LincolnDouglas 356 287 Lincoln&Douglas
14347477.0 42.61 47.93 15394366197.2 0.716202853441 0.243122732306 LincolnDouglas 356 287 Lincoln&Douglas
14347501.0 17.0 26.12 2157746478.87 0.949797438808 0.25228704097 LincolnDouglas 356 287 Lincoln&Douglas
14347503.0 23.94 29.52 3005633802.82 1.0181628284 0.269846868564 LincolnDouglas 356 287 Lincoln&Douglas
14347518.0 17.33 37.28 3705633802.82 0.842884395834 0.100571165912 LincolnDouglas 356 287 Lincoln&Douglas
14347558.0 19.51 28.05 1442253521.13 0.829716114337 0.199328951601 LincolnDouglas 356 287 Lincoln&Douglas
14347565.0 29.78 38.16 4387323943.66 0.790440714607 0.0350877269374 LincolnDouglas 356 287 Lincoln&Douglas
14347569.0 27.13 43.82 6487323943.66 0.828561672867 0.171176155278 LincolnDouglas 356 287 Lincoln&Douglas
14347582.0 20.5 67.47 25140845070.4 0.860220694892 0.0998837024597 LincolnDouglas 356 287 Lincoln&Douglas
14347618.0 22.37 46.67 7938028169.01 0.873537468565 0.124494011013 LincolnDouglas 356 287 Lincoln&Douglas
14347663.0 21.28 23.51 1585915492.96 0.283533297039 0.514000997076 LincolnDouglas 356 287 Lincoln&Douglas
14347917.0 20.62 28.17 2939436619.72 0.129814530538 0.819844170677 LincolnDouglas 356 287 Lincoln&Douglas
14348073.0 21.09 23.54 1922535211.27 0.197047879693 0.636558085481 LincolnDouglas 356 287 Lincoln&Douglas
14348120.0 18.84 20.29 1581690140.85 0.272342514036 0.627434616021 LincolnDouglas 356 287 Lincoln&Douglas
14348582.0 34.88 34.99 7378873239.44 0.992775990657 0.280403388188 LincolnDouglas 356 287 Lincoln&Douglas
14348734.0 35.64 34.62 7850704225.35 0.88856069534 0.270682793263 LincolnDouglas 356 287 Lincoln&Douglas
14348756.0 34.6 36.57 6736619718.31 0.814655703652 0.124031490968 LincolnDouglas 356 287 Lincoln&Douglas
14349092.0 16.57 42.15 6370422535.21 0.184775674779 0.616497580862 LincolnDouglas 356 287 Lincoln&Douglas
14349095.0 51.14 57.53 23943661971.8 0.130687742556 0.671921558102 LincolnDouglas 356 287 Lincoln&Douglas
14349255.0 44.93 45.48 14267605633.8 0.349691029209 0.923620544024 LincolnDouglas 356 287 Lincoln&Douglas
14349276.0 24.37 25.84 1356056338.03 0.32195093182 0.464826643994 LincolnDouglas 356 287 Lincoln&Douglas
14349725.0 24.97 29.53 3098591549.3 0.328492087239 0.776277288912 LincolnDouglas 356 287 Lincoln&Douglas
14350222.0 20.07 21.15 1351830985.92 0.633044828437 0.221815243796 LincolnDouglas 356 287 Lincoln&Douglas
14350304.0 38.17 47.22 15056338028.2 0.818802424905 0.204767778439 LincolnDouglas 356 287 Lincoln&Douglas
