ID Vmax(km/s) Vpeak(km/s) Mpeak(Msun) h1dist(Mpc) h2dist(Mpc) HostName R1vir(kpc) R2vir(kpc) ELVISname
24697142.0 52.76 52.64 22211267605.6 0.200391101927 -1.0 iBiggie 369 -1 iOrion
24704361.0 53.93 57.72 33929577464.8 0.297357343952 -1.0 iBiggie 369 -1 iOrion
24704051.0 36.86 37.25 10839436619.7 0.367132309005 -1.0 iBiggie 369 -1 iOrion
24706153.0 47.13 49.49 13366197183.1 0.207425737124 -1.0 iBiggie 369 -1 iOrion
24702506.0 51.16 66.55 29535211267.6 0.180643307001 -1.0 iBiggie 369 -1 iOrion
24706362.0 44.03 59.18 18619718309.9 0.114782263708 -1.0 iBiggie 369 -1 iOrion
24703779.0 35.85 33.33 6635211267.61 0.337183894889 -1.0 iBiggie 369 -1 iOrion
24705381.0 35.09 38.83 7563380281.69 0.250872495357 -1.0 iBiggie 369 -1 iOrion
24700297.0 35.22 36.62 4309859154.93 0.194209331474 -1.0 iBiggie 369 -1 iOrion
24697846.0 34.43 40.98 8347887323.94 0.268998688078 -1.0 iBiggie 369 -1 iOrion
24702925.0 24.14 24.56 3087323943.66 0.350134920293 -1.0 iBiggie 369 -1 iOrion
24705150.0 38.7 47.04 12229577464.8 0.106730968807 -1.0 iBiggie 369 -1 iOrion
24701885.0 35.41 36.96 4326760563.38 0.224548717128 -1.0 iBiggie 369 -1 iOrion
24702368.0 37.36 42.01 6650704225.35 0.0974083875724 -1.0 iBiggie 369 -1 iOrion
24705884.0 29.73 34.3 4040845070.42 0.156924575375 -1.0 iBiggie 369 -1 iOrion
24699032.0 31.77 33.45 4916901408.45 0.282558835531 -1.0 iBiggie 369 -1 iOrion
24707162.0 31.9 33.22 3790140845.07 0.136261634691 -1.0 iBiggie 369 -1 iOrion
24698601.0 36.61 43.97 6338028169.01 0.0825935632308 -1.0 iBiggie 369 -1 iOrion
24699560.0 31.77 44.72 10480281690.1 0.260479315712 -1.0 iBiggie 369 -1 iOrion
24704304.0 35.98 41.76 6149295774.65 0.0652698760144 -1.0 iBiggie 369 -1 iOrion
24706598.0 30.07 33.87 4339436619.72 0.212948221059 -1.0 iBiggie 369 -1 iOrion
24699011.0 26.55 27.65 2623943661.97 0.28443979194 -1.0 iBiggie 369 -1 iOrion
24700023.0 28.69 31.82 3430985915.49 0.338073359069 -1.0 iBiggie 369 -1 iOrion
24700323.0 26.33 27.88 2776056338.03 0.255484051509 -1.0 iBiggie 369 -1 iOrion
24705102.0 30.19 44.71 12308450704.2 0.265576076577 -1.0 iBiggie 369 -1 iOrion
24706314.0 24.92 24.96 1552112676.06 0.331910747785 -1.0 iBiggie 369 -1 iOrion
24707015.0 31.82 37.4 5121126760.56 0.122060531941 -1.0 iBiggie 369 -1 iOrion
24699005.0 24.9 25.79 1821126760.56 0.342653772511 -1.0 iBiggie 369 -1 iOrion
24703813.0 19.77 20.01 1422535211.27 0.175577845542 -1.0 iBiggie 369 -1 iOrion
24706557.0 29.68 34.76 3778873239.44 0.168505973316 -1.0 iBiggie 369 -1 iOrion
24697632.0 24.15 24.38 1411267605.63 0.141027392557 -1.0 iBiggie 369 -1 iOrion
24706988.0 34.11 62.22 15492957746.5 0.0706070961826 -1.0 iBiggie 369 -1 iOrion
24707042.0 29.07 33.78 3090140845.07 0.160353376998 -1.0 iBiggie 369 -1 iOrion
24703649.0 29.11 31.15 1921126760.56 0.326755158102 -1.0 iBiggie 369 -1 iOrion
24707098.0 25.98 30.36 3545070422.54 0.122392930995 -1.0 iBiggie 369 -1 iOrion
24706212.0 25.64 27.09 1800000000.0 0.186241209024 -1.0 iBiggie 369 -1 iOrion
24706953.0 25.98 34.65 3908450704.23 0.204095754898 -1.0 iBiggie 369 -1 iOrion
24703331.0 23.81 34.1 2732394366.2 0.254336282614 -1.0 iBiggie 369 -1 iOrion
24705298.0 24.76 26.73 1619718309.86 0.344569321124 -1.0 iBiggie 369 -1 iOrion
24697320.0 27.61 63.5 15380281690.1 0.140690360805 -1.0 iBiggie 369 -1 iOrion
24702174.0 28.0 30.83 2069014084.51 0.105973408087 -1.0 iBiggie 369 -1 iOrion
24703795.0 22.67 26.31 2180281690.14 0.296917532034 -1.0 iBiggie 369 -1 iOrion
24699384.0 23.93 27.44 1754929577.46 0.156494179726 -1.0 iBiggie 369 -1 iOrion
24706955.0 24.12 27.4 2290140845.07 0.128601796022 -1.0 iBiggie 369 -1 iOrion
24703158.0 23.32 30.73 2636619718.31 0.128699512705 -1.0 iBiggie 369 -1 iOrion
24699490.0 23.11 29.41 2721126760.56 0.346045559228 -1.0 iBiggie 369 -1 iOrion
24703735.0 23.27 25.02 1347887323.94 0.326832803149 -1.0 iBiggie 369 -1 iOrion
24702078.0 20.64 26.47 1714084507.04 0.210449214422 -1.0 iBiggie 369 -1 iOrion
24700936.0 23.01 30.7 2252112676.06 0.245072804748 -1.0 iBiggie 369 -1 iOrion
24699396.0 25.01 30.23 1832394366.2 0.0941059044151 -1.0 iBiggie 369 -1 iOrion
24701631.0 19.58 24.62 1576056338.03 0.309092858153 -1.0 iBiggie 369 -1 iOrion
24706141.0 22.31 24.65 1543661971.83 0.145824397852 -1.0 iBiggie 369 -1 iOrion
24705286.0 22.45 34.01 2980281690.14 0.304343824415 -1.0 iBiggie 369 -1 iOrion
24699361.0 20.11 28.35 3259154929.58 0.268074579849 -1.0 iBiggie 369 -1 iOrion
24706989.0 21.1 27.93 2202816901.41 0.112214436442 -1.0 iBiggie 369 -1 iOrion
24699253.0 18.04 22.44 1467605633.8 0.205555316876 -1.0 iBiggie 369 -1 iOrion
24705068.0 21.88 34.45 2581690140.85 0.128475414599 -1.0 iBiggie 369 -1 iOrion
24700765.0 25.56 39.11 4681690140.85 0.0787787613223 -1.0 iBiggie 369 -1 iOrion
24702335.0 18.09 22.56 1340563380.28 0.251764347455 -1.0 iBiggie 369 -1 iOrion
24705142.0 19.41 25.78 1385070422.54 0.130190020281 -1.0 iBiggie 369 -1 iOrion
24705240.0 20.43 32.12 3191549295.77 0.154485989809 -1.0 iBiggie 369 -1 iOrion
24702725.0 20.77 46.26 7861971830.99 0.0909718004575 -1.0 iBiggie 369 -1 iOrion
24705284.0 21.35 32.69 1414084507.04 0.199625956517 -1.0 iBiggie 369 -1 iOrion
24706608.0 18.45 28.65 1529577464.79 0.114013485979 -1.0 iBiggie 369 -1 iOrion
24697739.0 13.73 28.15 1985915492.96 0.0780833523785 -1.0 iBiggie 369 -1 iOrion
24699236.0 17.12 30.58 2380281690.14 0.0743340906471 -1.0 iBiggie 369 -1 iOrion
24697143.0 9.52 24.14 1490140845.07 0.192721980978 -1.0 iBiggie 369 -1 iOrion
