ID Vmax(km/s) Vpeak(km/s) Mpeak(Msun) h1dist(Mpc) h2dist(Mpc) HostName R1vir(kpc) R2vir(kpc) ELVISname
23028588.0 29.98 49.57 9753521126.76 0.173954020334 1.10995661499 CherSonny 299 315 Hamilton&Burr
23029027.0 22.75 27.54 1374507042.25 0.05226638352 0.973322310937 CherSonny 299 315 Hamilton&Burr
23029158.0 21.83 21.99 2001408450.7 0.147679575744 1.04459003404 CherSonny 299 315 Hamilton&Burr
23029356.0 20.13 26.11 1601408450.7 0.155599842704 0.977712077539 CherSonny 299 315 Hamilton&Burr
23030031.0 20.25 23.75 1341408450.7 0.156686323106 0.833139795512 CherSonny 299 315 Hamilton&Burr
23030036.0 18.06 32.0 3856338028.17 0.183044354914 0.882938243299 CherSonny 299 315 Hamilton&Burr
23030090.0 32.61 28.32 2083098591.55 0.119221222361 1.05736412643 CherSonny 299 315 Hamilton&Burr
23030091.0 26.96 44.73 10545070422.5 0.0864987429575 1.00648049189 CherSonny 299 315 Hamilton&Burr
23031035.0 30.96 36.67 3384507042.25 0.149086529556 0.805297247243 CherSonny 299 315 Hamilton&Burr
23031040.0 23.8 26.37 2714084507.04 0.27198261771 0.972944218387 CherSonny 299 315 Hamilton&Burr
23031392.0 24.75 25.9 1833802816.9 0.227920388364 1.04218540661 CherSonny 299 315 Hamilton&Burr
23031482.0 20.71 28.17 2245070422.54 0.145710066663 0.918747814969 CherSonny 299 315 Hamilton&Burr
23031483.0 20.46 30.5 1773239436.62 0.0795300793731 0.869622797401 CherSonny 299 315 Hamilton&Burr
23031584.0 25.0 32.63 3095774647.89 0.189576485882 0.821110626517 CherSonny 299 315 Hamilton&Burr
23031630.0 26.12 29.83 2422535211.27 0.219143770761 0.995613989869 CherSonny 299 315 Hamilton&Burr
23032065.0 29.89 31.0 3990140845.07 0.27464959335 1.1085412087 CherSonny 299 315 Hamilton&Burr
23032117.0 18.66 23.01 2080281690.14 0.279399462616 0.720364896569 CherSonny 299 315 Hamilton&Burr
23032452.0 32.8 39.65 6801408450.7 0.280945484401 0.859333427544 CherSonny 299 315 Hamilton&Burr
23032986.0 19.57 20.2 1378732394.37 1.00010375865 0.137221767694 CherSonny 299 315 Hamilton&Burr
23033494.0 18.07 59.13 11039436619.7 0.908234270648 0.0491952697781 CherSonny 299 315 Hamilton&Burr
23033754.0 12.84 33.32 1925352112.68 1.00586629991 0.121096190869 CherSonny 299 315 Hamilton&Burr
23033849.0 20.13 21.62 1380563380.28 0.954011295049 0.0579027326053 CherSonny 299 315 Hamilton&Burr
23033850.0 21.69 27.84 4084507042.25 0.976127768051 0.0726528910018 CherSonny 299 315 Hamilton&Burr
23033896.0 37.85 38.45 9192957746.48 1.1011164317 0.239686743838 CherSonny 299 315 Hamilton&Burr
23034162.0 19.29 30.99 1446478873.24 1.06747317789 0.143928432121 CherSonny 299 315 Hamilton&Burr
23034291.0 25.25 32.93 5515492957.75 0.847595166782 0.209906145131 CherSonny 299 315 Hamilton&Burr
23034374.0 19.12 43.66 7456338028.17 0.954987925427 0.145014834831 CherSonny 299 315 Hamilton&Burr
23034892.0 20.08 27.04 1670422535.21 0.883749376421 0.158114884195 CherSonny 299 315 Hamilton&Burr
23035063.0 29.29 29.62 2567605633.8 0.837134228025 0.229635906326 CherSonny 299 315 Hamilton&Burr
23035142.0 28.57 33.53 3864788732.39 0.894967481364 0.236684253859 CherSonny 299 315 Hamilton&Burr
23035276.0 21.41 25.2 1298169014.08 1.02489104225 0.141891383283 CherSonny 299 315 Hamilton&Burr
23035339.0 17.21 23.54 1473239436.62 1.02348042081 0.126726157302 CherSonny 299 315 Hamilton&Burr
23035370.0 25.13 26.58 1854929577.46 0.96537336219 0.164632967191 CherSonny 299 315 Hamilton&Burr
23035515.0 37.51 40.22 6419718309.86 1.10179392853 0.228144842225 CherSonny 299 315 Hamilton&Burr
23036107.0 20.5 23.28 1714084507.04 0.171752985067 0.95310994078 CherSonny 299 315 Hamilton&Burr
23036126.0 28.92 31.46 6205633802.82 0.182973321177 1.06898665713 CherSonny 299 315 Hamilton&Burr
23036153.0 20.46 35.39 4994366197.18 0.167849873529 1.08521836723 CherSonny 299 315 Hamilton&Burr
23036154.0 14.04 28.33 1583098591.55 0.128014134095 1.01342181418 CherSonny 299 315 Hamilton&Burr
23036196.0 16.24 27.78 2002816901.41 0.022052519771 0.933360148513 CherSonny 299 315 Hamilton&Burr
23036199.0 31.57 41.24 5866197183.1 0.0448537971904 0.973275765919 CherSonny 299 315 Hamilton&Burr
23036374.0 20.97 29.45 2267605633.8 0.156286631572 0.875875449488 CherSonny 299 315 Hamilton&Burr
23036525.0 27.89 47.78 9069014084.51 0.137252788355 0.829071648803 CherSonny 299 315 Hamilton&Burr
23036564.0 21.14 49.37 14140845070.4 0.187871714726 0.773155431184 CherSonny 299 315 Hamilton&Burr
23036565.0 23.49 34.91 3554929577.46 0.1960989623 0.756631453691 CherSonny 299 315 Hamilton&Burr
23036569.0 32.81 34.45 4000000000.0 0.181598814257 0.826153098448 CherSonny 299 315 Hamilton&Burr
23036699.0 38.74 51.63 13908450704.2 0.0493372059293 0.981931092644 CherSonny 299 315 Hamilton&Burr
23036736.0 22.63 24.42 1463380281.69 0.149384152688 0.964391071846 CherSonny 299 315 Hamilton&Burr
23036778.0 21.48 25.67 1300000000.0 0.127960078889 1.02615788694 CherSonny 299 315 Hamilton&Burr
23036780.0 27.63 32.92 4271830985.92 0.161163997716 0.954489515226 CherSonny 299 315 Hamilton&Burr
23036794.0 25.81 32.26 2860563380.28 0.10411709833 0.99517034266 CherSonny 299 315 Hamilton&Burr
23036818.0 28.03 36.41 4207042253.52 0.116716470038 0.943116926156 CherSonny 299 315 Hamilton&Burr
23036835.0 29.09 34.23 4064788732.39 0.179834726522 0.846675126531 CherSonny 299 315 Hamilton&Burr
23037225.0 29.67 41.78 6518309859.15 0.819073591991 0.171982566483 CherSonny 299 315 Hamilton&Burr
23037227.0 20.75 28.23 1528169014.08 0.813442138859 0.131267803603 CherSonny 299 315 Hamilton&Burr
23037239.0 30.35 39.94 5945070422.54 1.0731645121 0.135240417926 CherSonny 299 315 Hamilton&Burr
23037890.0 30.08 34.21 4181690140.85 0.953408587509 0.144767726048 CherSonny 299 315 Hamilton&Burr
23038068.0 24.26 25.79 1501408450.7 0.889473964624 0.242622086566 CherSonny 299 315 Hamilton&Burr
23038231.0 20.98 28.26 2052112676.06 0.834276960973 0.237938149909 CherSonny 299 315 Hamilton&Burr
23038369.0 22.52 39.56 2833802816.9 0.905298170781 0.106413029236 CherSonny 299 315 Hamilton&Burr
23038393.0 26.31 35.87 4204225352.11 1.00873555875 0.252616288643 CherSonny 299 315 Hamilton&Burr
23038473.0 13.67 31.54 1846478873.24 0.956973134649 0.116623360153 CherSonny 299 315 Hamilton&Burr
23038506.0 17.25 23.87 1457746478.87 1.0150832742 0.140783621102 CherSonny 299 315 Hamilton&Burr
23038517.0 23.85 28.43 1719718309.86 1.08538151492 0.1641667605 CherSonny 299 315 Hamilton&Burr
23038518.0 18.58 23.6 2033802816.9 0.945733620391 0.0310137838826 CherSonny 299 315 Hamilton&Burr
23038545.0 15.21 29.02 2064788732.39 1.03878381854 0.133205912467 CherSonny 299 315 Hamilton&Burr
23038581.0 24.61 33.94 3416901408.45 0.959808655012 0.0557288277431 CherSonny 299 315 Hamilton&Burr
23038640.0 25.2 31.96 2811267605.63 0.785578353908 0.228708672797 CherSonny 299 315 Hamilton&Burr
23038662.0 20.16 24.27 1667605633.8 0.916027980175 0.219554670464 CherSonny 299 315 Hamilton&Burr
23038761.0 31.44 31.31 8076056338.03 1.05865679635 0.267165153421 CherSonny 299 315 Hamilton&Burr
