ID Vmax(km/s) Vpeak(km/s) Mpeak(Msun) h1dist(Mpc) h2dist(Mpc) HostName R1vir(kpc) R2vir(kpc) ELVISname
22147990.0 49.22 51.34 25521126760.6 0.27092445388 0.881273468344 AshleyMaryKate 317.0 322.0 Sonny&Cher
22148695.0 35.63 40.26 10784507042.3 0.211214195596 0.911555238582 AshleyMaryKate 317.0 322.0 Sonny&Cher
22149373.0 34.93 36.36 7150704225.35 0.269405542188 0.818329860729 AshleyMaryKate 317.0 322.0 Sonny&Cher
22149405.0 21.79 49.66 8570422535.21 0.044094722751 1.00312951904 AshleyMaryKate 317.0 322.0 Sonny&Cher
22150280.0 27.38 33.39 8360563380.28 0.10016474131 0.952627051863 AshleyMaryKate 317.0 322.0 Sonny&Cher
22150526.0 35.09 35.81 8784507042.25 0.135919863463 0.945938990263 AshleyMaryKate 317.0 322.0 Sonny&Cher
22151598.0 33.35 38.39 6411267605.63 0.226115314144 0.791711530289 AshleyMaryKate 317.0 322.0 Sonny&Cher
22151621.0 28.38 36.62 7707042253.52 0.164251095994 0.855967736263 AshleyMaryKate 317.0 322.0 Sonny&Cher
22152212.0 38.43 44.47 9578873239.44 0.0605399725482 0.94809438889 AshleyMaryKate 317.0 322.0 Sonny&Cher
22152917.0 52.47 53.42 26211267605.6 0.22092805731 0.799873641702 AshleyMaryKate 317.0 322.0 Sonny&Cher
22153494.0 59.61 59.54 29704225352.1 0.0913227565501 1.05032279071 AshleyMaryKate 317.0 322.0 Sonny&Cher
22153698.0 30.61 37.66 6632394366.2 0.21857063616 0.958428036904 AshleyMaryKate 317.0 322.0 Sonny&Cher
22153854.0 27.33 33.38 5894366197.18 0.105477029204 1.06680340469 AshleyMaryKate 317.0 322.0 Sonny&Cher
22155516.0 28.91 35.98 5853521126.76 1.02867794794 0.065467341651 AshleyMaryKate 317.0 322.0 Sonny&Cher
22158327.0 27.19 42.11 10600000000.0 0.852860238719 0.148029342272 AshleyMaryKate 317.0 322.0 Sonny&Cher
22158772.0 18.95 61.63 24901408450.7 0.935177060082 0.192790432756 AshleyMaryKate 317.0 322.0 Sonny&Cher
22159258.0 39.48 39.83 8418309859.15 1.11461344231 0.211482779626 AshleyMaryKate 317.0 322.0 Sonny&Cher
22160105.0 27.52 41.97 10773239436.6 0.894082219416 0.148260347794 AshleyMaryKate 317.0 322.0 Sonny&Cher
22160158.0 33.1 34.37 11123943662.0 0.8697382631 0.135814435904 AshleyMaryKate 317.0 322.0 Sonny&Cher
23028588.0 29.98 49.57 9753521126.76 0.173954020334 1.10995661499 CherSonny 299.0 315.0 Hamilton&Burr
23030091.0 26.96 44.73 10545070422.5 0.0864987429575 1.00648049189 CherSonny 299.0 315.0 Hamilton&Burr
23032452.0 32.8 39.65 6801408450.7 0.280945484401 0.859333427544 CherSonny 299.0 315.0 Hamilton&Burr
23033494.0 18.07 59.13 11039436619.7 0.908234270648 0.0491952697781 CherSonny 299.0 315.0 Hamilton&Burr
23033896.0 37.85 38.45 9192957746.48 1.1011164317 0.239686743838 CherSonny 299.0 315.0 Hamilton&Burr
23034374.0 19.12 43.66 7456338028.17 0.954987925427 0.145014834831 CherSonny 299.0 315.0 Hamilton&Burr
23035515.0 37.51 40.22 6419718309.86 1.10179392853 0.228144842225 CherSonny 299.0 315.0 Hamilton&Burr
23036126.0 28.92 31.46 6205633802.82 0.182973321177 1.06898665713 CherSonny 299.0 315.0 Hamilton&Burr
23036199.0 31.57 41.24 5866197183.1 0.0448537971904 0.973275765919 CherSonny 299.0 315.0 Hamilton&Burr
23036525.0 27.89 47.78 9069014084.51 0.137252788355 0.829071648803 CherSonny 299.0 315.0 Hamilton&Burr
23036564.0 21.14 49.37 14140845070.4 0.187871714726 0.773155431184 CherSonny 299.0 315.0 Hamilton&Burr
23036699.0 38.74 51.63 13908450704.2 0.0493372059293 0.981931092644 CherSonny 299.0 315.0 Hamilton&Burr
23037225.0 29.67 41.78 6518309859.15 0.819073591991 0.171982566483 CherSonny 299.0 315.0 Hamilton&Burr
23037239.0 30.35 39.94 5945070422.54 1.0731645121 0.135240417926 CherSonny 299.0 315.0 Hamilton&Burr
23037245.0 40.35 69.88 46253521126.8 1.10213976172 0.169585361404 CherSonny 299.0 315.0 Hamilton&Burr
23038439.0 61.6 70.76 38197183098.6 0.952711235097 0.102053193943 CherSonny 299.0 315.0 Hamilton&Burr
23038761.0 31.44 31.31 8076056338.03 1.05865679635 0.267165153421 CherSonny 299.0 315.0 Hamilton&Burr
10499245.0 49.59 66.35 61338028169.0 0.144918994536 1.07608456659 FrodoSam 299.0 277.0 Hall&Oates
10500627.0 42.83 40.84 16619718309.9 0.110001478773 0.881355010894 FrodoSam 299.0 277.0 Hall&Oates
10502542.0 35.53 46.27 9430985915.49 0.290480409802 1.21630654581 FrodoSam 299.0 277.0 Hall&Oates
10503241.0 44.83 59.84 30225352112.7 0.213934959813 0.924671422954 FrodoSam 299.0 277.0 Hall&Oates
10503975.0 31.98 44.78 14267605633.8 0.248063147073 1.02231399559 FrodoSam 299.0 277.0 Hall&Oates
10504795.0 35.12 63.76 35084507042.3 0.0632016575256 0.934458969968 FrodoSam 299.0 277.0 Hall&Oates
10505259.0 22.6 61.67 24352112676.1 0.985265730959 0.244206080189 FrodoSam 299.0 277.0 Hall&Oates
10506291.0 39.06 40.44 10874647887.3 1.15944347315 0.181817709337 FrodoSam 299.0 277.0 Hall&Oates
10507622.0 17.42 37.85 6264788732.39 0.840971838652 0.150234875954 FrodoSam 299.0 277.0 Hall&Oates
10508084.0 36.27 42.08 5929577464.79 0.994921589599 0.0296643592795 FrodoSam 299.0 277.0 Hall&Oates
80304144.0 64.37 78.31 55971830985.9 0.81120011114 0.166997734727 HodorBran 346.0 306.0 Scylla&Charybdis
80181361.0 37.78 37.78 9953521126.76 0.32751428431 0.691905255482 HodorBran 346.0 306.0 Scylla&Charybdis
80176320.0 50.23 78.1 47929577464.8 0.0584227661044 0.662824769501 HodorBran 346.0 306.0 Scylla&Charybdis
80182758.0 46.95 54.85 28464788732.4 0.300899578659 0.456824881575 HodorBran 346.0 306.0 Scylla&Charybdis
80183213.0 40.44 39.06 9947887323.94 0.439540504378 0.268163296631 HodorBran 346.0 306.0 Scylla&Charybdis
80177222.0 45.31 53.05 12283098591.5 0.139146792971 0.798714557186 HodorBran 346.0 306.0 Scylla&Charybdis
80179323.0 38.88 41.67 6702816901.41 0.174742682701 0.724123566455 HodorBran 346.0 306.0 Scylla&Charybdis
80175824.0 46.23 45.26 9152112676.06 0.0494308009898 0.700822291844 HodorBran 346.0 306.0 Scylla&Charybdis
80179729.0 31.89 36.69 5966197183.1 0.326739122961 0.818412856964 HodorBran 346.0 306.0 Scylla&Charybdis
80179361.0 40.4 67.23 23000000000.0 0.101745404592 0.735649095391 HodorBran 346.0 306.0 Scylla&Charybdis
80182750.0 37.16 51.51 14394366197.2 0.165321573829 0.568590427453 HodorBran 346.0 306.0 Scylla&Charybdis
80180564.0 34.35 45.48 8950704225.35 0.101981809293 0.750704841054 HodorBran 346.0 306.0 Scylla&Charybdis
80177463.0 35.46 48.69 7019718309.86 0.180541319432 0.60530227431 HodorBran 346.0 306.0 Scylla&Charybdis
80304205.0 31.92 60.51 25098591549.3 0.751561417697 0.065662740704 HodorBran 346.0 306.0 Scylla&Charybdis
80304135.0 31.53 48.62 10261971831.0 0.787447572873 0.0920075486583 HodorBran 346.0 306.0 Scylla&Charybdis
80177892.0 28.75 45.57 9771830985.92 0.0761735013054 0.751005858198 HodorBran 346.0 306.0 Scylla&Charybdis
80175504.0 24.7 53.3 17788732394.4 0.163805947435 0.849199085543 HodorBran 346.0 306.0 Scylla&Charybdis
80172978.0 24.18 44.76 8035211267.61 0.177004857839 0.704698704718 HodorBran 346.0 306.0 Scylla&Charybdis
80173584.0 21.78 40.93 5802816901.41 0.310960362353 0.929266313055 HodorBran 346.0 306.0 Scylla&Charybdis
20827579.0 39.57 44.88 19478873239.4 0.264589417793 1.00760653687 JerryTom 266.0 338.0 Kek&Kauket
20828489.0 35.36 37.7 7459154929.58 0.143842081933 1.18313210222 JerryTom 266.0 338.0 Kek&Kauket
20829253.0 32.51 39.34 6147887323.94 0.193530992327 0.931073586569 JerryTom 266.0 338.0 Kek&Kauket
20829818.0 32.87 42.31 6890140845.07 0.0568604667239 1.08818192915 JerryTom 266.0 338.0 Kek&Kauket
20830038.0 33.59 39.38 7581690140.85 0.205209395624 1.18279249972 JerryTom 266.0 338.0 Kek&Kauket
20830520.0 37.01 46.49 14126760563.4 0.152242668113 1.12398657345 JerryTom 266.0 338.0 Kek&Kauket
20833403.0 43.0 65.98 48690140845.1 1.07722076276 0.124180460414 JerryTom 266.0 338.0 Kek&Kauket
20833408.0 39.6 60.09 59760563380.3 1.07449874097 0.168759534251 JerryTom 266.0 338.0 Kek&Kauket
20833425.0 31.06 44.89 13452112676.1 1.0723015268 0.0950342393325 JerryTom 266.0 338.0 Kek&Kauket
20834866.0 27.89 32.32 8177464788.73 1.11003552568 0.102409632316 JerryTom 266.0 338.0 Kek&Kauket
20834990.0 38.07 38.95 12563380281.7 1.30048550881 0.321057934927 JerryTom 266.0 338.0 Kek&Kauket
20835275.0 32.78 36.79 7590140845.07 0.990441222744 0.278803383981 JerryTom 266.0 338.0 Kek&Kauket
20835897.0 27.15 28.14 7228169014.08 1.04275460109 0.0721877497643 JerryTom 266.0 338.0 Kek&Kauket
20835955.0 31.11 38.42 6704225352.11 1.09988334245 0.206484816797 JerryTom 266.0 338.0 Kek&Kauket
20836786.0 32.29 36.36 7063380281.69 1.05633489051 0.295364511752 JerryTom 266.0 338.0 Kek&Kauket
20839216.0 27.97 32.65 6370422535.21 0.877112351847 0.175744167184 JerryTom 266.0 338.0 Kek&Kauket
20839678.0 31.09 45.85 9626760563.38 1.06555136915 0.243388931119 JerryTom 266.0 338.0 Kek&Kauket
20839854.0 25.24 38.87 6230985915.49 0.989588017388 0.168612109422 JerryTom 266.0 338.0 Kek&Kauket
20840002.0 35.2 47.2 15464788732.4 1.09494368163 0.138112447682 JerryTom 266.0 338.0 Kek&Kauket
20840337.0 16.13 44.2 7101408450.7 0.931726760695 0.147106519602 JerryTom 266.0 338.0 Kek&Kauket
20840474.0 22.17 56.68 13698591549.3 0.904713080805 0.233177118384 JerryTom 266.0 338.0 Kek&Kauket
52724249.0 36.22 36.37 7428169014.08 0.712101326043 0.13631991135 KobeShaq 295.0 368.0 Serena&Venus
52727907.0 66.06 71.79 56056338028.2 0.154492020403 0.736295193238 KobeShaq 295.0 368.0 Serena&Venus
52729451.0 40.28 41.94 10950704225.4 0.743704811106 0.110522368818 KobeShaq 295.0 368.0 Serena&Venus
52731695.0 32.23 39.03 5915492957.75 0.194879435157 0.70567731459 KobeShaq 295.0 368.0 Serena&Venus
52733649.0 24.96 38.11 8664788732.39 0.239657143684 0.661381320376 KobeShaq 295.0 368.0 Serena&Venus
52734273.0 24.48 32.6 5778873239.44 0.159012766496 0.668816760967 KobeShaq 295.0 368.0 Serena&Venus
52734420.0 43.59 59.64 20352112676.1 0.60397740308 0.236427956333 KobeShaq 295.0 368.0 Serena&Venus
52735288.0 19.16 44.82 9488732394.37 0.691690468078 0.0258864426891 KobeShaq 295.0 368.0 Serena&Venus
52735463.0 37.48 40.85 8138028169.01 0.123962365746 0.647391423811 KobeShaq 295.0 368.0 Serena&Venus
52736149.0 43.31 43.26 13770422535.2 0.473502028504 0.281572746665 KobeShaq 295.0 368.0 Serena&Venus
52736552.0 24.49 46.31 7878873239.44 0.042888121827 0.672192697974 KobeShaq 295.0 368.0 Serena&Venus
52736559.0 33.33 72.52 49605633802.8 0.104157928325 0.603621825379 KobeShaq 295.0 368.0 Serena&Venus
52736883.0 36.64 37.4 9808450704.23 0.549571843952 0.338627377941 KobeShaq 295.0 368.0 Serena&Venus
52737506.0 39.92 52.65 10594366197.2 0.806959711877 0.292290551871 KobeShaq 295.0 368.0 Serena&Venus
52737574.0 49.43 50.43 25816901408.5 0.995015248114 0.365369442344 KobeShaq 295.0 368.0 Serena&Venus
52962805.0 34.53 38.19 6687323943.66 0.844365806952 0.211440546118 KobeShaq 295.0 368.0 Serena&Venus
52964081.0 36.56 44.13 14971830985.9 0.294480017418 0.533636411872 KobeShaq 295.0 368.0 Serena&Venus
52964151.0 46.79 47.59 21619718309.9 0.719693943112 0.138472022057 KobeShaq 295.0 368.0 Serena&Venus
14339853.0 43.37 71.24 61887323943.7 0.182954461691 0.732324789084 LincolnDouglas 356.0 287.0 Lincoln&Douglas
14340086.0 51.86 62.36 26915492957.7 0.11068774113 0.673834246788 LincolnDouglas 356.0 287.0 Lincoln&Douglas
14341257.0 24.36 37.18 6614084507.04 0.318882295323 0.812884974001 LincolnDouglas 356.0 287.0 Lincoln&Douglas
14342011.0 38.3 38.2 9267605633.8 0.247190667995 0.94326431878 LincolnDouglas 356.0 287.0 Lincoln&Douglas
14342607.0 43.42 54.99 24281690140.8 0.182579805129 0.774639207762 LincolnDouglas 356.0 287.0 Lincoln&Douglas
14342624.0 20.27 52.97 12495774647.9 0.0552792804714 0.748368653896 LincolnDouglas 356.0 287.0 Lincoln&Douglas
14342708.0 34.01 42.76 7305633802.82 0.159925990248 0.676635438742 LincolnDouglas 356.0 287.0 Lincoln&Douglas
14342744.0 26.36 40.97 9400000000.0 0.115464215764 0.803270853001 LincolnDouglas 356.0 287.0 Lincoln&Douglas
14342840.0 31.47 41.36 7633802816.9 0.274854882271 0.812752575913 LincolnDouglas 356.0 287.0 Lincoln&Douglas
14343241.0 36.29 39.33 7167605633.8 0.138018276449 0.884218943616 LincolnDouglas 356.0 287.0 Lincoln&Douglas
14343364.0 32.81 36.74 6938028169.01 0.273247899535 0.871727534193 LincolnDouglas 356.0 287.0 Lincoln&Douglas
14343410.0 35.23 37.65 6861971830.99 0.237286781894 0.923947470363 LincolnDouglas 356.0 287.0 Lincoln&Douglas
14343590.0 22.83 35.97 6338028169.01 0.0763066798063 0.723874185574 LincolnDouglas 356.0 287.0 Lincoln&Douglas
14345005.0 54.82 59.45 39619718309.9 0.281951109396 0.970009098136 LincolnDouglas 356.0 287.0 Lincoln&Douglas
14345224.0 24.36 44.13 7725352112.68 0.76202319592 0.0976925420453 LincolnDouglas 356.0 287.0 Lincoln&Douglas
14345995.0 23.9 62.56 23197183098.6 0.760666432638 0.120118711532 LincolnDouglas 356.0 287.0 Lincoln&Douglas
14346805.0 16.07 42.3 6356338028.17 0.813551916773 0.0893933376472 LincolnDouglas 356.0 287.0 Lincoln&Douglas
14347477.0 42.61 47.93 15394366197.2 0.716202853441 0.243122732306 LincolnDouglas 356.0 287.0 Lincoln&Douglas
14347569.0 27.13 43.82 6487323943.66 0.828561672867 0.171176155278 LincolnDouglas 356.0 287.0 Lincoln&Douglas
14347582.0 20.5 67.47 25140845070.4 0.860220694892 0.0998837024597 LincolnDouglas 356.0 287.0 Lincoln&Douglas
14347618.0 22.37 46.67 7938028169.01 0.873537468565 0.124494011013 LincolnDouglas 356.0 287.0 Lincoln&Douglas
14348582.0 34.88 34.99 7378873239.44 0.992775990657 0.280403388188 LincolnDouglas 356.0 287.0 Lincoln&Douglas
14348734.0 35.64 34.62 7850704225.35 0.88856069534 0.270682793263 LincolnDouglas 356.0 287.0 Lincoln&Douglas
14348756.0 34.6 36.57 6736619718.31 0.814655703652 0.124031490968 LincolnDouglas 356.0 287.0 Lincoln&Douglas
14349092.0 16.57 42.15 6370422535.21 0.184775674779 0.616497580862 LincolnDouglas 356.0 287.0 Lincoln&Douglas
14349095.0 51.14 57.53 23943661971.8 0.130687742556 0.671921558102 LincolnDouglas 356.0 287.0 Lincoln&Douglas
14349255.0 44.93 45.48 14267605633.8 0.349691029209 0.923620544024 LincolnDouglas 356.0 287.0 Lincoln&Douglas
14350304.0 38.17 47.22 15056338028.2 0.818802424905 0.204767778439 LincolnDouglas 356.0 287.0 Lincoln&Douglas
18579181.0 32.28 34.92 6040845070.42 0.177159214898 0.964211834306 PuffBiggie 276.0 369.0 Orion&Taurus
18580257.0 49.72 53.1 21028169014.1 0.0521850924331 0.780488554213 PuffBiggie 276.0 369.0 Orion&Taurus
18581371.0 61.4 66.27 37098591549.3 0.0773727622387 0.799838676206 PuffBiggie 276.0 369.0 Orion&Taurus
18582309.0 36.33 42.03 14915492957.7 0.231037873322 0.722982631286 PuffBiggie 276.0 369.0 Orion&Taurus
18582382.0 36.18 41.45 8392957746.48 0.0948463682213 0.796726994017 PuffBiggie 276.0 369.0 Orion&Taurus
18582422.0 23.71 42.2 5747887323.94 0.163463379183 0.745639370752 PuffBiggie 276.0 369.0 Orion&Taurus
18583735.0 33.86 37.93 9447887323.94 0.827339053078 0.182318895692 PuffBiggie 276.0 369.0 Orion&Taurus
18586418.0 38.94 41.11 7514084507.04 0.856319552015 0.188079742887 PuffBiggie 276.0 369.0 Orion&Taurus
18587488.0 24.84 38.21 6512676056.34 0.852258551243 0.0559680403743 PuffBiggie 276.0 369.0 Orion&Taurus
18587492.0 30.65 35.27 7877464788.73 0.754101796537 0.117053222313 PuffBiggie 276.0 369.0 Orion&Taurus
18588436.0 38.61 61.99 34633802816.9 0.872650374466 0.0709692608453 PuffBiggie 276.0 369.0 Orion&Taurus
18588663.0 32.95 39.46 7780281690.14 0.674186381006 0.212344633098 PuffBiggie 276.0 369.0 Orion&Taurus
18588688.0 41.89 50.95 35957746478.9 0.747487162514 0.225237883901 PuffBiggie 276.0 369.0 Orion&Taurus
18588895.0 41.77 43.11 9830985915.49 1.01854549716 0.190441348871 PuffBiggie 276.0 369.0 Orion&Taurus
18590282.0 42.12 44.7 12915492957.7 0.878013031315 0.134574765047 PuffBiggie 276.0 369.0 Orion&Taurus
18590473.0 27.74 44.25 11632394366.2 0.788506742117 0.111383382447 PuffBiggie 276.0 369.0 Orion&Taurus
18590852.0 46.92 52.53 16549295774.6 0.89436200609 0.192540402477 PuffBiggie 276.0 369.0 Orion&Taurus
18590885.0 35.61 41.35 9319718309.86 0.804512599845 0.368081635051 PuffBiggie 276.0 369.0 Orion&Taurus
18590921.0 41.56 49.01 25619718309.9 0.716614400752 0.203496083551 PuffBiggie 276.0 369.0 Orion&Taurus
18591074.0 45.06 45.88 16408450704.2 0.967626343854 0.158837078219 PuffBiggie 276.0 369.0 Orion&Taurus
18591610.0 30.02 43.24 10938028169.0 0.703515420891 0.205104789819 PuffBiggie 276.0 369.0 Orion&Taurus
18593132.0 30.21 39.92 6470422535.21 0.83054602955 0.0581530909557 PuffBiggie 276.0 369.0 Orion&Taurus
18593184.0 23.24 40.2 7592957746.48 0.85920359779 0.104393184247 PuffBiggie 276.0 369.0 Orion&Taurus
13130426.0 47.64 69.99 57633802816.9 0.235142661412 0.904605178771 RomulusRemus 323.0 280.0 Romulus&Remus
13131849.0 54.47 62.79 31154929577.5 0.19993435592 1.1002684898 RomulusRemus 323.0 280.0 Romulus&Remus
13132453.0 25.71 58.27 8767605633.8 0.0802658163205 0.913334168154 RomulusRemus 323.0 280.0 Romulus&Remus
13132791.0 34.03 35.33 11788732394.4 0.228320385365 1.07917833052 RomulusRemus 323.0 280.0 Romulus&Remus
13136153.0 23.95 45.01 7354929577.46 0.938576004428 0.0910272155862 RomulusRemus 323.0 280.0 Romulus&Remus
13137467.0 40.16 41.02 8107042253.52 0.969071910533 0.178019313606 RomulusRemus 323.0 280.0 Romulus&Remus
13137514.0 29.81 43.07 8709859154.93 0.90216528373 0.101112496542 RomulusRemus 323.0 280.0 Romulus&Remus
13138431.0 23.46 38.33 7445070422.54 0.885148897934 0.206516333573 RomulusRemus 323.0 280.0 Romulus&Remus
13138687.0 23.76 43.65 7043661971.83 0.269476845911 0.741934437255 RomulusRemus 323.0 280.0 Romulus&Remus
26097192.0 45.36 53.33 15126760563.4 0.272256558059 0.408112198244 SilentBobJay 362.0 285.0 Zeus&Hera
26098791.0 31.5 39.12 6461971830.99 0.326052775206 0.327139695665 SilentBobJay 362.0 285.0 Zeus&Hera
26102257.0 43.95 42.89 23521126760.6 0.291424281219 0.83279483384 SilentBobJay 362.0 285.0 Zeus&Hera
26102949.0 43.98 55.86 17464788732.4 0.177604072884 0.606103412593 SilentBobJay 362.0 285.0 Zeus&Hera
26103319.0 28.31 47.21 10843661971.8 0.194455323513 0.675007464821 SilentBobJay 362.0 285.0 Zeus&Hera
26103521.0 56.79 56.69 33647887323.9 0.0624984237056 0.622854182034 SilentBobJay 362.0 285.0 Zeus&Hera
26104232.0 70.01 70.12 55859154929.6 0.146121326218 0.694787253562 SilentBobJay 362.0 285.0 Zeus&Hera
26105679.0 40.74 44.95 13128169014.1 0.269144994694 0.800872529663 SilentBobJay 362.0 285.0 Zeus&Hera
26106131.0 36.64 37.24 11371830985.9 0.326005265066 0.714270204068 SilentBobJay 362.0 285.0 Zeus&Hera
26106964.0 32.59 32.86 7835211267.61 0.25762504682 0.779969001642 SilentBobJay 362.0 285.0 Zeus&Hera
26107079.0 36.61 43.1 14633802816.9 0.180063964588 0.654538338541 SilentBobJay 362.0 285.0 Zeus&Hera
26107219.0 37.92 38.2 9764788732.39 0.149557350575 0.678475588201 SilentBobJay 362.0 285.0 Zeus&Hera
26107594.0 50.53 50.83 23802816901.4 0.155974537467 0.565914148653 SilentBobJay 362.0 285.0 Zeus&Hera
26107669.0 34.29 34.36 11200000000.0 0.147253164804 0.717188728223 SilentBobJay 362.0 285.0 Zeus&Hera
26107676.0 33.11 34.59 10015492957.7 0.120037488358 0.698989523454 SilentBobJay 362.0 285.0 Zeus&Hera
26107867.0 37.72 39.63 7470422535.21 0.117879722776 0.62999746365 SilentBobJay 362.0 285.0 Zeus&Hera
26109364.0 24.3 38.16 8669014084.51 0.680210903791 0.162702212396 SilentBobJay 362.0 285.0 Zeus&Hera
26111677.0 21.5 35.44 6064788732.39 0.680702813257 0.113337916151 SilentBobJay 362.0 285.0 Zeus&Hera
26112013.0 56.25 64.24 56169014084.5 0.354677123217 0.25918363627 SilentBobJay 362.0 285.0 Zeus&Hera
26112446.0 23.94 42.6 6036619718.31 0.590669287253 0.255801349276 SilentBobJay 362.0 285.0 Zeus&Hera
26112887.0 64.66 65.22 49267605633.8 0.519384034069 0.229072304763 SilentBobJay 362.0 285.0 Zeus&Hera
16658586.0 53.51 53.27 40704225352.1 0.629407265806 0.242012357032 ThelmaLouise 286.0 262.0 Thelma&Louise
16578834.0 52.79 57.69 30690140845.1 0.884305291089 0.103276261134 ThelmaLouise 286.0 262.0 Thelma&Louise
16663040.0 41.65 47.86 20704225352.1 0.273346984062 0.938224934212 ThelmaLouise 286.0 262.0 Thelma&Louise
16661255.0 47.52 51.62 15859154929.6 0.143830436988 0.955015981072 ThelmaLouise 286.0 262.0 Thelma&Louise
16659133.0 51.67 54.35 21295774647.9 0.771575663537 0.0705299982887 ThelmaLouise 286.0 262.0 Thelma&Louise
16663189.0 36.69 38.78 17929577464.8 0.129610181112 0.760332106334 ThelmaLouise 286.0 262.0 Thelma&Louise
16661101.0 44.81 72.76 48971830985.9 0.172876676187 0.690544394088 ThelmaLouise 286.0 262.0 Thelma&Louise
16663479.0 43.86 48.24 23507042253.5 0.10699777801 0.847621399621 ThelmaLouise 286.0 262.0 Thelma&Louise
16661462.0 33.75 36.45 9215492957.75 0.222248214828 0.872375612158 ThelmaLouise 286.0 262.0 Thelma&Louise
16659113.0 39.66 42.98 9436619718.31 0.777404980987 0.196912317093 ThelmaLouise 286.0 262.0 Thelma&Louise
16661473.0 34.58 36.77 7136619718.31 0.247817273233 0.881949633888 ThelmaLouise 286.0 262.0 Thelma&Louise
16663826.0 34.45 44.61 10808450704.2 0.24395423976 1.02086935357 ThelmaLouise 286.0 262.0 Thelma&Louise
16663477.0 33.4 35.71 5949295774.65 0.260731277464 0.738290527096 ThelmaLouise 286.0 262.0 Thelma&Louise
16577148.0 23.67 31.62 5950704225.35 0.8714382009 0.115349361951 ThelmaLouise 286.0 262.0 Thelma&Louise
16577296.0 17.02 42.99 5750704225.35 0.850788689259 0.056587982487 ThelmaLouise 286.0 262.0 Thelma&Louise
20438155.0 33.67 35.17 7485915492.96 0.228669402188 -1.0 iAmbrosia 262.0 -1.0 iKauket
20438220.0 36.58 36.86 16605633802.8 0.119519859547 -1.0 iAmbrosia 262.0 -1.0 iKauket
20438218.0 28.72 29.85 7864788732.39 0.149692055785 -1.0 iAmbrosia 262.0 -1.0 iKauket
20421513.0 29.01 41.7 8657746478.87 0.0905374242698 -1.0 iAmbrosia 262.0 -1.0 iKauket
20407709.0 29.86 42.86 8205633802.82 0.183373345318 -1.0 iAmbrosia 262.0 -1.0 iKauket
10245691.0 22.85 38.09 6407042253.52 0.137465000144 -1.0 iAshley 324.0 -1.0 iCher
10246533.0 28.55 39.98 12738028169.0 0.179738189328 -1.0 iAshley 324.0 -1.0 iCher
10247772.0 29.43 43.46 15450704225.4 0.210059842127 -1.0 iAshley 324.0 -1.0 iCher
10249110.0 44.67 46.03 14366197183.1 0.221447759744 -1.0 iAshley 324.0 -1.0 iCher
10251863.0 26.64 40.33 6156338028.17 0.178987022699 -1.0 iAshley 324.0 -1.0 iCher
10251967.0 58.02 58.8 32436619718.3 0.195512787686 -1.0 iAshley 324.0 -1.0 iCher
10251982.0 32.61 37.49 8038028169.01 0.0877086991669 -1.0 iAshley 324.0 -1.0 iCher
10252444.0 42.98 52.83 36478873239.4 0.25877244049 -1.0 iAshley 324.0 -1.0 iCher
10252648.0 34.13 45.35 16211267605.6 0.19101290941 -1.0 iAshley 324.0 -1.0 iCher
10252662.0 29.99 45.25 17422535211.3 0.213235547065 -1.0 iAshley 324.0 -1.0 iCher
24697142.0 52.76 52.64 22211267605.6 0.200391101927 -1.0 iBiggie 369.0 -1.0 iOrion
24704361.0 53.93 57.72 33929577464.8 0.297357343952 -1.0 iBiggie 369.0 -1.0 iOrion
24704051.0 36.86 37.25 10839436619.7 0.367132309005 -1.0 iBiggie 369.0 -1.0 iOrion
24706153.0 47.13 49.49 13366197183.1 0.207425737124 -1.0 iBiggie 369.0 -1.0 iOrion
24702506.0 51.16 66.55 29535211267.6 0.180643307001 -1.0 iBiggie 369.0 -1.0 iOrion
24706362.0 44.03 59.18 18619718309.9 0.114782263708 -1.0 iBiggie 369.0 -1.0 iOrion
24703779.0 35.85 33.33 6635211267.61 0.337183894889 -1.0 iBiggie 369.0 -1.0 iOrion
24705381.0 35.09 38.83 7563380281.69 0.250872495357 -1.0 iBiggie 369.0 -1.0 iOrion
24697846.0 34.43 40.98 8347887323.94 0.268998688078 -1.0 iBiggie 369.0 -1.0 iOrion
24705150.0 38.7 47.04 12229577464.8 0.106730968807 -1.0 iBiggie 369.0 -1.0 iOrion
24702368.0 37.36 42.01 6650704225.35 0.0974083875724 -1.0 iBiggie 369.0 -1.0 iOrion
24698601.0 36.61 43.97 6338028169.01 0.0825935632308 -1.0 iBiggie 369.0 -1.0 iOrion
24699560.0 31.77 44.72 10480281690.1 0.260479315712 -1.0 iBiggie 369.0 -1.0 iOrion
24704304.0 35.98 41.76 6149295774.65 0.0652698760144 -1.0 iBiggie 369.0 -1.0 iOrion
24705102.0 30.19 44.71 12308450704.2 0.265576076577 -1.0 iBiggie 369.0 -1.0 iOrion
24706988.0 34.11 62.22 15492957746.5 0.0706070961826 -1.0 iBiggie 369.0 -1.0 iOrion
24697320.0 27.61 63.5 15380281690.1 0.140690360805 -1.0 iBiggie 369.0 -1.0 iOrion
24702725.0 20.77 46.26 7861971830.99 0.0909718004575 -1.0 iBiggie 369.0 -1.0 iOrion
9383333.0 48.44 51.73 17000000000.0 0.143896668275 -1.0 iBran 304.0 -1.0 iScylla
9383825.0 39.35 62.16 29436619718.3 0.271006017014 -1.0 iBran 304.0 -1.0 iScylla
8458424.0 41.12 41.77 16661971831.0 0.239942366452 -1.0 iCher 302.0 -1.0 iBurr
8458848.0 44.81 43.08 22211267605.6 0.136051987216 -1.0 iCher 302.0 -1.0 iBurr
8459215.0 26.89 26.86 5646478873.24 0.156516269412 -1.0 iCher 302.0 -1.0 iBurr
8459721.0 25.26 39.3 14253521126.8 0.12512774508 -1.0 iCher 302.0 -1.0 iBurr
8460358.0 51.64 53.72 37704225352.1 0.125797670716 -1.0 iCher 302.0 -1.0 iBurr
8460361.0 27.12 37.59 9515492957.75 0.110184467785 -1.0 iCher 302.0 -1.0 iBurr
8461119.0 25.09 33.64 5825352112.68 0.0860177860213 -1.0 iCher 302.0 -1.0 iBurr
8514373.0 28.47 43.43 6677464788.73 0.114684820331 -1.0 iDouglas 285.0 -1.0 iDouglas
8515620.0 30.55 34.83 7733802816.9 0.229897736509 -1.0 iDouglas 285.0 -1.0 iDouglas
8516596.0 29.49 40.15 9805633802.82 0.143030494222 -1.0 iDouglas 285.0 -1.0 iDouglas
8517274.0 38.56 39.59 12190140845.1 0.245597453781 -1.0 iDouglas 285.0 -1.0 iDouglas
8517693.0 29.78 35.71 7988732394.37 0.205463518632 -1.0 iDouglas 285.0 -1.0 iDouglas
8517906.0 49.43 50.12 20197183098.6 0.14414377507 -1.0 iDouglas 285.0 -1.0 iDouglas
8518160.0 21.62 36.89 5656338028.17 0.180271798804 -1.0 iDouglas 285.0 -1.0 iDouglas
7470576.0 55.6 59.37 21985915493.0 0.0441495560223 -1.0 iFrodo 300.0 -1.0 iHall
7471725.0 23.29 33.05 5887323943.66 0.119517664504 -1.0 iFrodo 300.0 -1.0 iHall
7472487.0 28.15 35.63 6463380281.69 0.204815036961 -1.0 iFrodo 300.0 -1.0 iHall
7472942.0 42.45 43.55 10056338028.2 0.242558532192 -1.0 iFrodo 300.0 -1.0 iHall
7472991.0 23.18 38.62 6133802816.9 0.216787136992 -1.0 iFrodo 300.0 -1.0 iHall
7473189.0 35.17 51.49 16690140845.1 0.119519882783 -1.0 iFrodo 300.0 -1.0 iHall
7473213.0 26.84 61.92 36366197183.1 0.0806205549114 -1.0 iFrodo 300.0 -1.0 iHall
7473258.0 39.46 52.77 22915492957.7 0.0931067244109 -1.0 iFrodo 300.0 -1.0 iHall
7473316.0 48.31 49.14 19183098591.5 0.250890667341 -1.0 iFrodo 300.0 -1.0 iHall
15347272.0 47.47 62.97 34661971831.0 0.158153135922 -1.0 iHodor 343.0 -1.0 iCharybdis
15350331.0 46.4 57.33 25352112676.1 0.253043297353 -1.0 iHodor 343.0 -1.0 iCharybdis
15345525.0 31.46 32.15 6395774647.89 0.281892492813 -1.0 iHodor 343.0 -1.0 iCharybdis
15350583.0 25.85 31.75 5747887323.94 0.306283997825 -1.0 iHodor 343.0 -1.0 iCharybdis
15347918.0 34.64 44.41 6785915492.96 0.326892036142 -1.0 iHodor 343.0 -1.0 iCharybdis
15345361.0 31.8 46.68 7742253521.13 0.140623714083 -1.0 iHodor 343.0 -1.0 iCharybdis
15343167.0 25.57 44.87 9546478873.24 0.170026867546 -1.0 iHodor 343.0 -1.0 iCharybdis
15350610.0 23.09 38.67 5932394366.2 0.30081769934 -1.0 iHodor 343.0 -1.0 iCharybdis
15350607.0 24.94 40.46 5888732394.37 0.11672678456 -1.0 iHodor 343.0 -1.0 iCharybdis
15349403.0 24.24 67.78 27281690140.8 0.0821069949476 -1.0 iHodor 343.0 -1.0 iCharybdis
15348473.0 22.04 44.66 9805633802.82 0.143569491084 -1.0 iHodor 343.0 -1.0 iCharybdis
15344905.0 14.39 44.92 9938028169.01 0.148410125544 -1.0 iHodor 343.0 -1.0 iCharybdis
6587066.0 35.67 38.43 9133802816.9 0.189974596596 -1.0 iJay 278.0 -1.0 iHera
6591239.0 18.36 39.12 5692957746.48 0.0713050922955 -1.0 iJay 278.0 -1.0 iHera
6591928.0 40.54 57.33 47647887323.9 0.229371661405 -1.0 iJay 278.0 -1.0 iHera
12947070.0 46.22 58.45 20014084507.0 0.0757186897417 -1.0 iKobe 291.0 -1.0 iVenus
12944509.0 40.42 42.55 7177464788.73 0.110111286153 -1.0 iKobe 291.0 -1.0 iVenus
12947152.0 37.05 42.63 6291549295.77 0.185033662501 -1.0 iKobe 291.0 -1.0 iVenus
12943335.0 25.63 42.52 7070422535.21 0.107585158623 -1.0 iKobe 291.0 -1.0 iVenus
12960011.0 55.53 66.92 59183098591.5 0.0973241362791 -1.0 iLincoln 359.0 -1.0 iLincoln
12957919.0 35.57 46.47 18619718309.9 0.28888667709 -1.0 iLincoln 359.0 -1.0 iLincoln
12956181.0 55.49 64.89 37070422535.2 0.121059666973 -1.0 iLincoln 359.0 -1.0 iLincoln
12960638.0 33.69 33.91 6576056338.03 0.259415890502 -1.0 iLincoln 359.0 -1.0 iLincoln
12959445.0 40.26 44.54 10983098591.5 0.230010236268 -1.0 iLincoln 359.0 -1.0 iLincoln
12954695.0 31.73 32.74 6014084507.04 0.295214349583 -1.0 iLincoln 359.0 -1.0 iLincoln
12956912.0 31.94 33.99 5656338028.17 0.253015647487 -1.0 iLincoln 359.0 -1.0 iLincoln
12957896.0 33.4 34.16 5605633802.82 0.0831736328636 -1.0 iLincoln 359.0 -1.0 iLincoln
12958061.0 36.29 47.14 14005633802.8 0.257835533757 -1.0 iLincoln 359.0 -1.0 iLincoln
12959392.0 27.53 34.79 6404225352.11 0.205686421012 -1.0 iLincoln 359.0 -1.0 iLincoln
12959952.0 25.95 36.12 6100000000.0 0.0883082137008 -1.0 iLincoln 359.0 -1.0 iLincoln
6826213.0 42.85 46.49 9435211267.61 0.194065579935 -1.0 iLouise 261.0 -1.0 iLouise
6825689.0 37.58 44.03 10583098591.5 0.215250465146 -1.0 iLouise 261.0 -1.0 iLouise
6826040.0 35.57 46.92 16239436619.7 0.211892354199 -1.0 iLouise 261.0 -1.0 iLouise
6752934.0 36.14 41.55 6156338028.17 0.0112003184555 -1.0 iLouise 261.0 -1.0 iLouise
17471664.0 48.65 46.26 21197183098.6 0.175824131939 -1.0 iMaryKate 310.0 -1.0 iSonny
17473535.0 47.46 51.98 38028169014.1 0.069891380005 -1.0 iMaryKate 310.0 -1.0 iSonny
17473612.0 37.19 38.15 8950704225.35 0.0241996629269 -1.0 iMaryKate 310.0 -1.0 iSonny
17456644.0 32.07 44.18 13556338028.2 0.26602656765 -1.0 iMaryKate 310.0 -1.0 iSonny
17454979.0 22.27 37.48 5629577464.79 0.059940585871 -1.0 iMaryKate 310.0 -1.0 iSonny
17471139.0 16.94 34.98 6304225352.11 0.0980234669829 -1.0 iMaryKate 310.0 -1.0 iSonny
7724113.0 45.63 45.84 13935211267.6 0.161681202825 -1.0 iPuff 279.0 -1.0 iTaurus
7724186.0 38.29 39.69 15492957746.5 0.106513096259 -1.0 iPuff 279.0 -1.0 iTaurus
7725993.0 42.48 44.07 10802816901.4 0.217427725715 -1.0 iPuff 279.0 -1.0 iTaurus
7726184.0 33.64 34.54 9839436619.72 0.181908243916 -1.0 iPuff 279.0 -1.0 iTaurus
7724715.0 43.6 45.78 13100000000.0 0.249718647474 -1.0 iPuff 279.0 -1.0 iTaurus
7726837.0 41.03 60.38 20169014084.5 0.221189140748 -1.0 iPuff 279.0 -1.0 iTaurus
7725783.0 40.82 42.29 7615492957.75 0.167933655815 -1.0 iPuff 279.0 -1.0 iTaurus
7725880.0 33.14 51.19 19338028169.0 0.114474040252 -1.0 iPuff 279.0 -1.0 iTaurus
7723498.0 34.83 39.4 8118309859.15 0.269721511032 -1.0 iPuff 279.0 -1.0 iTaurus
7725879.0 25.31 40.33 9663380281.69 0.125235370547 -1.0 iPuff 279.0 -1.0 iTaurus
7725458.0 27.13 53.13 12435211267.6 0.139033112273 -1.0 iPuff 279.0 -1.0 iTaurus
7724145.0 21.54 43.53 6591549295.77 0.119155387406 -1.0 iPuff 279.0 -1.0 iTaurus
13875912.0 46.96 46.85 21126760563.4 0.161664954852 -1.0 iRemus 327.0 -1.0 iRomulus
13872490.0 51.56 54.3 22436619718.3 0.241700169692 -1.0 iRemus 327.0 -1.0 iRomulus
13875942.0 43.01 54.12 24352112676.1 0.218691067897 -1.0 iRemus 327.0 -1.0 iRomulus
13876351.0 36.87 36.69 10761971831.0 0.137462188991 -1.0 iRemus 327.0 -1.0 iRomulus
13875126.0 33.31 32.67 7116901408.45 0.108178137453 -1.0 iRemus 327.0 -1.0 iRomulus
13875884.0 40.68 55.1 31267605633.8 0.175151038627 -1.0 iRemus 327.0 -1.0 iRomulus
13876510.0 33.76 37.59 9139436619.72 0.315456515124 -1.0 iRemus 327.0 -1.0 iRomulus
13873413.0 33.97 35.66 8311267605.63 0.0842236056628 -1.0 iRemus 327.0 -1.0 iRomulus
13872570.0 33.89 34.47 5895774647.89 0.292735073148 -1.0 iRemus 327.0 -1.0 iRomulus
13873179.0 38.78 52.29 15605633802.8 0.180293287479 -1.0 iRemus 327.0 -1.0 iRomulus
13875902.0 35.04 56.83 25239436619.7 0.154324172469 -1.0 iRemus 327.0 -1.0 iRomulus
13875951.0 36.65 55.11 18295774647.9 0.1657141309 -1.0 iRemus 327.0 -1.0 iRomulus
13875852.0 37.7 53.41 15901408450.7 0.186367241916 -1.0 iRemus 327.0 -1.0 iRomulus
13876146.0 24.86 34.07 6225352112.68 0.15281012317 -1.0 iRemus 327.0 -1.0 iRomulus
13874881.0 29.9 39.78 7030985915.49 0.22183219718 -1.0 iRemus 327.0 -1.0 iRomulus
13875948.0 28.21 53.84 13549295774.6 0.0997176941574 -1.0 iRemus 327.0 -1.0 iRomulus
13875927.0 13.58 37.05 5728169014.08 0.0888202583089 -1.0 iRemus 327.0 -1.0 iRomulus
9749522.0 48.32 55.49 33577464788.7 0.0868576041811 -1.0 iRomulus 285.0 -1.0 iRemus
9751953.0 37.0 37.39 9470422535.21 0.240683738486 -1.0 iRomulus 285.0 -1.0 iRemus
9752577.0 54.22 54.86 24873239436.6 0.172329103683 -1.0 iRomulus 285.0 -1.0 iRemus
9752884.0 38.12 43.4 9438028169.01 0.280117994876 -1.0 iRomulus 285.0 -1.0 iRemus
9752921.0 35.43 42.56 7759154929.58 0.223789706137 -1.0 iRomulus 285.0 -1.0 iRemus
9753403.0 20.67 45.33 13488732394.4 0.0622107191461 -1.0 iRomulus 285.0 -1.0 iRemus
9753468.0 18.61 41.81 6064788732.39 0.06670858647 -1.0 iRomulus 285.0 -1.0 iRemus
6492360.0 38.19 42.98 9514084507.04 0.162334360364 -1.0 iSam 277.0 -1.0 iOates
6494198.0 43.53 64.61 34070422535.2 0.145668548175 -1.0 iSam 277.0 -1.0 iOates
6494355.0 22.6 45.41 10601408450.7 0.0426871203062 -1.0 iSam 277.0 -1.0 iOates
6494369.0 55.03 59.68 29366197183.1 0.0221529775382 -1.0 iSam 277.0 -1.0 iOates
6494403.0 44.57 61.69 33816901408.5 0.0947551674453 -1.0 iSam 277.0 -1.0 iOates
6494523.0 31.0 33.62 6863380281.69 0.218656288965 -1.0 iSam 277.0 -1.0 iOates
6494541.0 37.6 54.38 33887323943.7 0.146685913404 -1.0 iSam 277.0 -1.0 iOates
6494567.0 31.45 39.75 13050704225.4 0.0795370369699 -1.0 iSam 277.0 -1.0 iOates
6495057.0 34.22 39.13 10016901408.5 0.228784596052 -1.0 iSam 277.0 -1.0 iOates
16824324.0 29.92 41.42 7836619718.31 0.200433227967 -1.0 iShaq 361.0 -1.0 iSerana
16824978.0 20.11 37.83 7077464788.73 0.0249969924793 -1.0 iShaq 361.0 -1.0 iSerana
16826828.0 24.62 38.84 5959154929.58 0.210460768252 -1.0 iShaq 361.0 -1.0 iSerana
16827538.0 35.8 41.26 7353521126.76 0.353128203447 -1.0 iShaq 361.0 -1.0 iSerana
16827643.0 27.54 40.28 9638028169.01 0.200141419452 -1.0 iShaq 361.0 -1.0 iSerana
16828010.0 40.74 46.4 15042253521.1 0.335799607672 -1.0 iShaq 361.0 -1.0 iSerana
16829856.0 33.53 41.67 8707042253.52 0.0598979046077 -1.0 iShaq 361.0 -1.0 iSerana
16833193.0 30.13 37.62 6116901408.45 0.102434539846 -1.0 iShaq 361.0 -1.0 iSerana
16833235.0 27.04 46.39 23281690140.8 0.169868065541 -1.0 iShaq 361.0 -1.0 iSerana
16833268.0 35.58 49.88 7822535211.27 0.0680016876111 -1.0 iShaq 361.0 -1.0 iSerana
12769745.0 37.17 52.55 20436619718.3 0.173793915128 -1.0 iSilentBob 358.0 -1.0 iZeus
12772268.0 28.87 50.03 14073239436.6 0.266902064736 -1.0 iSilentBob 358.0 -1.0 iZeus
12772445.0 20.64 37.48 7046478873.24 0.145825614687 -1.0 iSilentBob 358.0 -1.0 iZeus
12772454.0 40.26 56.86 15521126760.6 0.13102127722 -1.0 iSilentBob 358.0 -1.0 iZeus
12774253.0 39.17 46.58 10553521126.8 0.255756447513 -1.0 iSilentBob 358.0 -1.0 iZeus
12774420.0 44.82 54.06 13387323943.7 0.102538805849 -1.0 iSilentBob 358.0 -1.0 iZeus
12775125.0 27.95 37.58 7030985915.49 0.263959255556 -1.0 iSilentBob 358.0 -1.0 iZeus
12776359.0 32.03 46.73 7414084507.04 0.153681371983 -1.0 iSilentBob 358.0 -1.0 iZeus
12776400.0 32.01 45.13 16450704225.4 0.298959030445 -1.0 iSilentBob 358.0 -1.0 iZeus
12777101.0 30.23 63.71 38492957746.5 0.110673728014 -1.0 iSilentBob 358.0 -1.0 iZeus
12778635.0 30.06 46.03 13195774647.9 0.313528227461 -1.0 iSilentBob 358.0 -1.0 iZeus
7567032.0 56.72 58.57 39070422535.2 0.293373563581 -1.0 iSonny 321.0 -1.0 iHamilton
7567337.0 19.67 38.67 6491549295.77 0.254744199582 -1.0 iSonny 321.0 -1.0 iHamilton
7568085.0 45.84 44.02 18521126760.6 0.248584730386 -1.0 iSonny 321.0 -1.0 iHamilton
7568481.0 16.5 50.25 12374647887.3 0.0877931826966 -1.0 iSonny 321.0 -1.0 iHamilton
7569976.0 37.9 38.29 10749295774.6 0.291283649135 -1.0 iSonny 321.0 -1.0 iHamilton
7570044.0 20.74 51.54 9812676056.34 0.173906769766 -1.0 iSonny 321.0 -1.0 iHamilton
12533971.0 46.1 46.29 20492957746.5 0.254339004286 -1.0 iTennille 342.0 -1.0 iRoy
12538106.0 26.04 46.37 10678873239.4 0.130192021674 -1.0 iTennille 342.0 -1.0 iRoy
12538278.0 58.7 62.53 39521126760.6 0.325605679801 -1.0 iTennille 342.0 -1.0 iRoy
12539117.0 40.03 48.64 12692957746.5 0.067960502024 -1.0 iTennille 342.0 -1.0 iRoy
12539395.0 39.08 41.73 11709859154.9 0.134181372574 -1.0 iTennille 342.0 -1.0 iRoy
12539655.0 29.51 43.39 7947887323.94 0.273074119802 -1.0 iTennille 342.0 -1.0 iRoy
12539794.0 35.94 38.73 9064788732.39 0.230701524086 -1.0 iTennille 342.0 -1.0 iRoy
12540188.0 31.5 36.67 5708450704.23 0.286501334516 -1.0 iTennille 342.0 -1.0 iRoy
12540236.0 42.03 44.59 12149295774.6 0.206438194214 -1.0 iTennille 342.0 -1.0 iRoy
12540531.0 33.31 42.03 12187323943.7 0.214641990049 -1.0 iTennille 342.0 -1.0 iRoy
12540840.0 37.42 43.21 8200000000.0 0.167516177453 -1.0 iTennille 342.0 -1.0 iRoy
12540908.0 32.28 60.58 32225352112.7 0.236146855229 -1.0 iTennille 342.0 -1.0 iRoy
12541382.0 19.04 38.13 7564788732.39 0.123030725483 -1.0 iTennille 342.0 -1.0 iRoy
12541414.0 47.07 58.72 26535211267.6 0.129475754632 -1.0 iTennille 342.0 -1.0 iRoy
7432054.0 36.8 43.78 9661971830.99 0.0749994300051 -1.0 iThelma 290.0 -1.0 iThelma
7439563.0 34.89 38.86 6092957746.48 0.1149738704 -1.0 iThelma 290.0 -1.0 iThelma
7432351.0 26.39 42.2 10471830985.9 0.139421569112 -1.0 iThelma 290.0 -1.0 iThelma
7432378.0 27.75 60.42 15549295774.6 0.12493325415 -1.0 iThelma 290.0 -1.0 iThelma
7431645.0 21.85 35.74 5828169014.08 0.151126806505 -1.0 iThelma 290.0 -1.0 iThelma
21255855.0 26.8 37.67 6753521126.76 0.195134052774 -1.0 iTom 349.0 -1.0 iKek
21256643.0 38.96 40.04 7649295774.65 0.335538659805 -1.0 iTom 349.0 -1.0 iKek
21256772.0 38.0 45.56 8707042253.52 0.113915593959 -1.0 iTom 349.0 -1.0 iKek
21261300.0 31.52 46.57 9357746478.87 0.265415230524 -1.0 iTom 349.0 -1.0 iKek
21262012.0 25.83 40.7 6698591549.3 0.195442516933 -1.0 iTom 349.0 -1.0 iKek
21262145.0 48.91 46.87 21000000000.0 0.192622595231 -1.0 iTom 349.0 -1.0 iKek
21262322.0 50.97 60.42 40760563380.3 0.262350227249 -1.0 iTom 349.0 -1.0 iKek
21262373.0 57.85 57.85 48985915493.0 0.291156919402 -1.0 iTom 349.0 -1.0 iKek
21262407.0 29.4 31.28 7497183098.59 0.185356779983 -1.0 iTom 349.0 -1.0 iKek
21262419.0 28.99 31.11 7529577464.79 0.124485264331 -1.0 iTom 349.0 -1.0 iKek
21262450.0 47.89 70.53 37830985915.5 0.125554264123 -1.0 iTom 349.0 -1.0 iKek
10061348.0 29.15 44.98 5922535211.27 0.16914170182 -1.0 itheCaptain 349.0 -1.0 iSiegfried
10061998.0 39.01 57.43 15788732394.4 0.196379990767 -1.0 itheCaptain 349.0 -1.0 iSiegfried
10062319.0 54.57 60.2 29957746478.9 0.270867383889 -1.0 itheCaptain 349.0 -1.0 iSiegfried
10062898.0 41.32 53.61 17507042253.5 0.0692801282004 -1.0 itheCaptain 349.0 -1.0 iSiegfried
10063169.0 35.16 42.1 10121126760.6 0.341121903933 -1.0 itheCaptain 349.0 -1.0 iSiegfried
10064877.0 24.27 39.54 7616901408.45 0.171866508681 -1.0 itheCaptain 349.0 -1.0 iSiegfried
10064893.0 32.2 44.36 6415492957.75 0.127014070451 -1.0 itheCaptain 349.0 -1.0 iSiegfried
10065570.0 29.23 40.41 7698591549.3 0.238346616301 -1.0 itheCaptain 349.0 -1.0 iSiegfried
10066101.0 36.68 45.05 7350704225.35 0.0285164837118 -1.0 itheCaptain 349.0 -1.0 iSiegfried
10066297.0 44.55 56.6 18901408450.7 0.1178904336 -1.0 itheCaptain 349.0 -1.0 iSiegfried
10066799.0 36.18 47.24 8674647887.32 0.24768236325 -1.0 itheCaptain 349.0 -1.0 iSiegfried
10066966.0 25.53 38.44 8339436619.72 0.153179012787 -1.0 itheCaptain 349.0 -1.0 iSiegfried
10067217.0 22.55 40.25 5994366197.18 0.137434609075 -1.0 itheCaptain 349.0 -1.0 iSiegfried
10067891.0 37.9 52.29 17971830985.9 0.242240393519 -1.0 itheCaptain 349.0 -1.0 iSiegfried
10069034.0 24.85 32.12 6005633802.82 0.155599303422 -1.0 itheCaptain 349.0 -1.0 iSiegfried
10069102.0 22.68 34.34 5959154929.58 0.179839821057 -1.0 itheCaptain 349.0 -1.0 iSiegfried
10069111.0 22.97 46.36 7190140845.07 0.189072999886 -1.0 itheCaptain 349.0 -1.0 iSiegfried
10069211.0 31.34 38.2 8369014084.51 0.297348442089 -1.0 itheCaptain 349.0 -1.0 iSiegfried
64556343.0 47.14 63.46 30098591549.3 0.971486988005 0.163076778565 theCaptainTennille 337.0 336.0 Siegfried&Roy
64556478.0 39.5 39.84 11322535211.3 0.750451058043 0.197265583351 theCaptainTennille 337.0 336.0 Siegfried&Roy
64556501.0 30.61 62.53 41492957746.5 0.812324658205 0.204954059812 theCaptainTennille 337.0 336.0 Siegfried&Roy
64556509.0 35.66 47.04 12269014084.5 0.92750981753 0.174140563699 theCaptainTennille 337.0 336.0 Siegfried&Roy
64556519.0 33.13 70.69 44859154929.6 0.906800961913 0.110213119725 theCaptainTennille 337.0 336.0 Siegfried&Roy
64778489.0 40.96 45.93 13116901408.5 0.185475579624 0.988576200796 theCaptainTennille 337.0 336.0 Siegfried&Roy
64779943.0 39.89 43.96 9063380281.69 0.731624492168 0.276088323456 theCaptainTennille 337.0 336.0 Siegfried&Roy
64780250.0 34.34 41.6 10918309859.2 1.0210969307 0.183107946132 theCaptainTennille 337.0 336.0 Siegfried&Roy
64783228.0 47.27 64.72 43338028169.0 0.283760663 0.76492190408 theCaptainTennille 337.0 336.0 Siegfried&Roy
64787291.0 49.35 55.96 31140845070.4 0.136645569647 0.929568314296 theCaptainTennille 337.0 336.0 Siegfried&Roy
64788072.0 31.12 45.51 11321126760.6 0.135331171161 0.827758980367 theCaptainTennille 337.0 336.0 Siegfried&Roy
64788865.0 43.16 60.04 47661971831.0 0.246994514555 0.664038647319 theCaptainTennille 337.0 336.0 Siegfried&Roy
64788916.0 58.17 60.38 29605633802.8 0.332121241333 0.795536624131 theCaptainTennille 337.0 336.0 Siegfried&Roy
64789319.0 25.97 38.26 7271830985.92 0.179775178649 1.02814279158 theCaptainTennille 337.0 336.0 Siegfried&Roy
64789370.0 28.29 33.55 5780281690.14 0.165099526348 0.989438128313 theCaptainTennille 337.0 336.0 Siegfried&Roy
64789651.0 62.34 72.99 59338028169.0 0.0624742930667 0.892312998007 theCaptainTennille 337.0 336.0 Siegfried&Roy
64789684.0 46.79 58.08 15563380281.7 0.137770156236 0.912856235692 theCaptainTennille 337.0 336.0 Siegfried&Roy
