ID Vmax(km/s) Vpeak(km/s) Mpeak(Msun) h1dist(Mpc) h2dist(Mpc) HostName R1vir(kpc) R2vir(kpc) ELVISname
22149405.0 21.79 49.66 8570422535.21 0.044094722751 1.00312951904 AshleyMaryKate 317.0 322.0 Sonny&Cher
22150280.0 27.38 33.39 8360563380.28 0.10016474131 0.952627051863 AshleyMaryKate 317.0 322.0 Sonny&Cher
22150526.0 35.09 35.81 8784507042.25 0.135919863463 0.945938990263 AshleyMaryKate 317.0 322.0 Sonny&Cher
22152212.0 38.43 44.47 9578873239.44 0.0605399725482 0.94809438889 AshleyMaryKate 317.0 322.0 Sonny&Cher
22153494.0 59.61 59.54 29704225352.1 0.0913227565501 1.05032279071 AshleyMaryKate 317.0 322.0 Sonny&Cher
22153854.0 27.33 33.38 5894366197.18 0.105477029204 1.06680340469 AshleyMaryKate 317.0 322.0 Sonny&Cher
22155516.0 28.91 35.98 5853521126.76 1.02867794794 0.065467341651 AshleyMaryKate 317.0 322.0 Sonny&Cher
22158327.0 27.19 42.11 10600000000.0 0.852860238719 0.148029342272 AshleyMaryKate 317.0 322.0 Sonny&Cher
22160105.0 27.52 41.97 10773239436.6 0.894082219416 0.148260347794 AshleyMaryKate 317.0 322.0 Sonny&Cher
22160158.0 33.1 34.37 11123943662.0 0.8697382631 0.135814435904 AshleyMaryKate 317.0 322.0 Sonny&Cher
23030091.0 26.96 44.73 10545070422.5 0.0864987429575 1.00648049189 CherSonny 299.0 315.0 Hamilton&Burr
23033494.0 18.07 59.13 11039436619.7 0.908234270648 0.0491952697781 CherSonny 299.0 315.0 Hamilton&Burr
23034374.0 19.12 43.66 7456338028.17 0.954987925427 0.145014834831 CherSonny 299.0 315.0 Hamilton&Burr
23036199.0 31.57 41.24 5866197183.1 0.0448537971904 0.973275765919 CherSonny 299.0 315.0 Hamilton&Burr
23036525.0 27.89 47.78 9069014084.51 0.137252788355 0.829071648803 CherSonny 299.0 315.0 Hamilton&Burr
23036699.0 38.74 51.63 13908450704.2 0.0493372059293 0.981931092644 CherSonny 299.0 315.0 Hamilton&Burr
23037239.0 30.35 39.94 5945070422.54 1.0731645121 0.135240417926 CherSonny 299.0 315.0 Hamilton&Burr
23038439.0 61.6 70.76 38197183098.6 0.952711235097 0.102053193943 CherSonny 299.0 315.0 Hamilton&Burr
10499245.0 49.59 66.35 61338028169.0 0.144918994536 1.07608456659 FrodoSam 299.0 277.0 Hall&Oates
10500627.0 42.83 40.84 16619718309.9 0.110001478773 0.881355010894 FrodoSam 299.0 277.0 Hall&Oates
10504795.0 35.12 63.76 35084507042.3 0.0632016575256 0.934458969968 FrodoSam 299.0 277.0 Hall&Oates
10508084.0 36.27 42.08 5929577464.79 0.994921589599 0.0296643592795 FrodoSam 299.0 277.0 Hall&Oates
80176320.0 50.23 78.1 47929577464.8 0.0584227661044 0.662824769501 HodorBran 346.0 306.0 Scylla&Charybdis
80177222.0 45.31 53.05 12283098591.5 0.139146792971 0.798714557186 HodorBran 346.0 306.0 Scylla&Charybdis
80175824.0 46.23 45.26 9152112676.06 0.0494308009898 0.700822291844 HodorBran 346.0 306.0 Scylla&Charybdis
80179361.0 40.4 67.23 23000000000.0 0.101745404592 0.735649095391 HodorBran 346.0 306.0 Scylla&Charybdis
80182750.0 37.16 51.51 14394366197.2 0.165321573829 0.568590427453 HodorBran 346.0 306.0 Scylla&Charybdis
80180564.0 34.35 45.48 8950704225.35 0.101981809293 0.750704841054 HodorBran 346.0 306.0 Scylla&Charybdis
80304205.0 31.92 60.51 25098591549.3 0.751561417697 0.065662740704 HodorBran 346.0 306.0 Scylla&Charybdis
80304135.0 31.53 48.62 10261971831.0 0.787447572873 0.0920075486583 HodorBran 346.0 306.0 Scylla&Charybdis
80177892.0 28.75 45.57 9771830985.92 0.0761735013054 0.751005858198 HodorBran 346.0 306.0 Scylla&Charybdis
80175504.0 24.7 53.3 17788732394.4 0.163805947435 0.849199085543 HodorBran 346.0 306.0 Scylla&Charybdis
20829818.0 32.87 42.31 6890140845.07 0.0568604667239 1.08818192915 JerryTom 266.0 338.0 Kek&Kauket
20833403.0 43.0 65.98 48690140845.1 1.07722076276 0.124180460414 JerryTom 266.0 338.0 Kek&Kauket
20833408.0 39.6 60.09 59760563380.3 1.07449874097 0.168759534251 JerryTom 266.0 338.0 Kek&Kauket
20833425.0 31.06 44.89 13452112676.1 1.0723015268 0.0950342393325 JerryTom 266.0 338.0 Kek&Kauket
20834866.0 27.89 32.32 8177464788.73 1.11003552568 0.102409632316 JerryTom 266.0 338.0 Kek&Kauket
20835897.0 27.15 28.14 7228169014.08 1.04275460109 0.0721877497643 JerryTom 266.0 338.0 Kek&Kauket
20839854.0 25.24 38.87 6230985915.49 0.989588017388 0.168612109422 JerryTom 266.0 338.0 Kek&Kauket
20840002.0 35.2 47.2 15464788732.4 1.09494368163 0.138112447682 JerryTom 266.0 338.0 Kek&Kauket
20840337.0 16.13 44.2 7101408450.7 0.931726760695 0.147106519602 JerryTom 266.0 338.0 Kek&Kauket
52724249.0 36.22 36.37 7428169014.08 0.712101326043 0.13631991135 KobeShaq 295.0 368.0 Serena&Venus
52729451.0 40.28 41.94 10950704225.4 0.743704811106 0.110522368818 KobeShaq 295.0 368.0 Serena&Venus
52735288.0 19.16 44.82 9488732394.37 0.691690468078 0.0258864426891 KobeShaq 295.0 368.0 Serena&Venus
52735463.0 37.48 40.85 8138028169.01 0.123962365746 0.647391423811 KobeShaq 295.0 368.0 Serena&Venus
52736552.0 24.49 46.31 7878873239.44 0.042888121827 0.672192697974 KobeShaq 295.0 368.0 Serena&Venus
52736559.0 33.33 72.52 49605633802.8 0.104157928325 0.603621825379 KobeShaq 295.0 368.0 Serena&Venus
52964151.0 46.79 47.59 21619718309.9 0.719693943112 0.138472022057 KobeShaq 295.0 368.0 Serena&Venus
14340086.0 51.86 62.36 26915492957.7 0.11068774113 0.673834246788 LincolnDouglas 356.0 287.0 Lincoln&Douglas
14342624.0 20.27 52.97 12495774647.9 0.0552792804714 0.748368653896 LincolnDouglas 356.0 287.0 Lincoln&Douglas
14342708.0 34.01 42.76 7305633802.82 0.159925990248 0.676635438742 LincolnDouglas 356.0 287.0 Lincoln&Douglas
14342744.0 26.36 40.97 9400000000.0 0.115464215764 0.803270853001 LincolnDouglas 356.0 287.0 Lincoln&Douglas
14343241.0 36.29 39.33 7167605633.8 0.138018276449 0.884218943616 LincolnDouglas 356.0 287.0 Lincoln&Douglas
14343590.0 22.83 35.97 6338028169.01 0.0763066798063 0.723874185574 LincolnDouglas 356.0 287.0 Lincoln&Douglas
14345224.0 24.36 44.13 7725352112.68 0.76202319592 0.0976925420453 LincolnDouglas 356.0 287.0 Lincoln&Douglas
14345995.0 23.9 62.56 23197183098.6 0.760666432638 0.120118711532 LincolnDouglas 356.0 287.0 Lincoln&Douglas
14346805.0 16.07 42.3 6356338028.17 0.813551916773 0.0893933376472 LincolnDouglas 356.0 287.0 Lincoln&Douglas
14347582.0 20.5 67.47 25140845070.4 0.860220694892 0.0998837024597 LincolnDouglas 356.0 287.0 Lincoln&Douglas
14347618.0 22.37 46.67 7938028169.01 0.873537468565 0.124494011013 LincolnDouglas 356.0 287.0 Lincoln&Douglas
14348756.0 34.6 36.57 6736619718.31 0.814655703652 0.124031490968 LincolnDouglas 356.0 287.0 Lincoln&Douglas
14349095.0 51.14 57.53 23943661971.8 0.130687742556 0.671921558102 LincolnDouglas 356.0 287.0 Lincoln&Douglas
18580257.0 49.72 53.1 21028169014.1 0.0521850924331 0.780488554213 PuffBiggie 276.0 369.0 Orion&Taurus
18581371.0 61.4 66.27 37098591549.3 0.0773727622387 0.799838676206 PuffBiggie 276.0 369.0 Orion&Taurus
18582382.0 36.18 41.45 8392957746.48 0.0948463682213 0.796726994017 PuffBiggie 276.0 369.0 Orion&Taurus
18583735.0 33.86 37.93 9447887323.94 0.827339053078 0.182318895692 PuffBiggie 276.0 369.0 Orion&Taurus
18587488.0 24.84 38.21 6512676056.34 0.852258551243 0.0559680403743 PuffBiggie 276.0 369.0 Orion&Taurus
18587492.0 30.65 35.27 7877464788.73 0.754101796537 0.117053222313 PuffBiggie 276.0 369.0 Orion&Taurus
18588436.0 38.61 61.99 34633802816.9 0.872650374466 0.0709692608453 PuffBiggie 276.0 369.0 Orion&Taurus
18590282.0 42.12 44.7 12915492957.7 0.878013031315 0.134574765047 PuffBiggie 276.0 369.0 Orion&Taurus
18590473.0 27.74 44.25 11632394366.2 0.788506742117 0.111383382447 PuffBiggie 276.0 369.0 Orion&Taurus
18591074.0 45.06 45.88 16408450704.2 0.967626343854 0.158837078219 PuffBiggie 276.0 369.0 Orion&Taurus
18593132.0 30.21 39.92 6470422535.21 0.83054602955 0.0581530909557 PuffBiggie 276.0 369.0 Orion&Taurus
18593184.0 23.24 40.2 7592957746.48 0.85920359779 0.104393184247 PuffBiggie 276.0 369.0 Orion&Taurus
13132453.0 25.71 58.27 8767605633.8 0.0802658163205 0.913334168154 RomulusRemus 323.0 280.0 Romulus&Remus
13136153.0 23.95 45.01 7354929577.46 0.938576004428 0.0910272155862 RomulusRemus 323.0 280.0 Romulus&Remus
13137514.0 29.81 43.07 8709859154.93 0.90216528373 0.101112496542 RomulusRemus 323.0 280.0 Romulus&Remus
26102949.0 43.98 55.86 17464788732.4 0.177604072884 0.606103412593 SilentBobJay 362.0 285.0 Zeus&Hera
26103521.0 56.79 56.69 33647887323.9 0.0624984237056 0.622854182034 SilentBobJay 362.0 285.0 Zeus&Hera
26104232.0 70.01 70.12 55859154929.6 0.146121326218 0.694787253562 SilentBobJay 362.0 285.0 Zeus&Hera
26107079.0 36.61 43.1 14633802816.9 0.180063964588 0.654538338541 SilentBobJay 362.0 285.0 Zeus&Hera
26107219.0 37.92 38.2 9764788732.39 0.149557350575 0.678475588201 SilentBobJay 362.0 285.0 Zeus&Hera
26107594.0 50.53 50.83 23802816901.4 0.155974537467 0.565914148653 SilentBobJay 362.0 285.0 Zeus&Hera
26107669.0 34.29 34.36 11200000000.0 0.147253164804 0.717188728223 SilentBobJay 362.0 285.0 Zeus&Hera
26107676.0 33.11 34.59 10015492957.7 0.120037488358 0.698989523454 SilentBobJay 362.0 285.0 Zeus&Hera
26107867.0 37.72 39.63 7470422535.21 0.117879722776 0.62999746365 SilentBobJay 362.0 285.0 Zeus&Hera
26111677.0 21.5 35.44 6064788732.39 0.680702813257 0.113337916151 SilentBobJay 362.0 285.0 Zeus&Hera
16578834.0 52.79 57.69 30690140845.1 0.884305291089 0.103276261134 ThelmaLouise 286.0 262.0 Thelma&Louise
16659133.0 51.67 54.35 21295774647.9 0.771575663537 0.0705299982887 ThelmaLouise 286.0 262.0 Thelma&Louise
16663189.0 36.69 38.78 17929577464.8 0.129610181112 0.760332106334 ThelmaLouise 286.0 262.0 Thelma&Louise
16663479.0 43.86 48.24 23507042253.5 0.10699777801 0.847621399621 ThelmaLouise 286.0 262.0 Thelma&Louise
16577148.0 23.67 31.62 5950704225.35 0.8714382009 0.115349361951 ThelmaLouise 286.0 262.0 Thelma&Louise
16577296.0 17.02 42.99 5750704225.35 0.850788689259 0.056587982487 ThelmaLouise 286.0 262.0 Thelma&Louise
20438220.0 36.58 36.86 16605633802.8 0.119519859547 -1.0 iAmbrosia 262.0 -1.0 iKauket
20421513.0 29.01 41.7 8657746478.87 0.0905374242698 -1.0 iAmbrosia 262.0 -1.0 iKauket
10245691.0 22.85 38.09 6407042253.52 0.137465000144 -1.0 iAshley 324.0 -1.0 iCher
10251982.0 32.61 37.49 8038028169.01 0.0877086991669 -1.0 iAshley 324.0 -1.0 iCher
24702506.0 51.16 66.55 29535211267.6 0.180643307001 -1.0 iBiggie 369.0 -1.0 iOrion
24706362.0 44.03 59.18 18619718309.9 0.114782263708 -1.0 iBiggie 369.0 -1.0 iOrion
24705150.0 38.7 47.04 12229577464.8 0.106730968807 -1.0 iBiggie 369.0 -1.0 iOrion
24702368.0 37.36 42.01 6650704225.35 0.0974083875724 -1.0 iBiggie 369.0 -1.0 iOrion
24698601.0 36.61 43.97 6338028169.01 0.0825935632308 -1.0 iBiggie 369.0 -1.0 iOrion
24704304.0 35.98 41.76 6149295774.65 0.0652698760144 -1.0 iBiggie 369.0 -1.0 iOrion
24706988.0 34.11 62.22 15492957746.5 0.0706070961826 -1.0 iBiggie 369.0 -1.0 iOrion
24697320.0 27.61 63.5 15380281690.1 0.140690360805 -1.0 iBiggie 369.0 -1.0 iOrion
24702725.0 20.77 46.26 7861971830.99 0.0909718004575 -1.0 iBiggie 369.0 -1.0 iOrion
9383333.0 48.44 51.73 17000000000.0 0.143896668275 -1.0 iBran 304.0 -1.0 iScylla
8458848.0 44.81 43.08 22211267605.6 0.136051987216 -1.0 iCher 302.0 -1.0 iBurr
8459721.0 25.26 39.3 14253521126.8 0.12512774508 -1.0 iCher 302.0 -1.0 iBurr
8460358.0 51.64 53.72 37704225352.1 0.125797670716 -1.0 iCher 302.0 -1.0 iBurr
8460361.0 27.12 37.59 9515492957.75 0.110184467785 -1.0 iCher 302.0 -1.0 iBurr
8461119.0 25.09 33.64 5825352112.68 0.0860177860213 -1.0 iCher 302.0 -1.0 iBurr
8514373.0 28.47 43.43 6677464788.73 0.114684820331 -1.0 iDouglas 285.0 -1.0 iDouglas
7470576.0 55.6 59.37 21985915493.0 0.0441495560223 -1.0 iFrodo 300.0 -1.0 iHall
7471725.0 23.29 33.05 5887323943.66 0.119517664504 -1.0 iFrodo 300.0 -1.0 iHall
7473189.0 35.17 51.49 16690140845.1 0.119519882783 -1.0 iFrodo 300.0 -1.0 iHall
7473213.0 26.84 61.92 36366197183.1 0.0806205549114 -1.0 iFrodo 300.0 -1.0 iHall
7473258.0 39.46 52.77 22915492957.7 0.0931067244109 -1.0 iFrodo 300.0 -1.0 iHall
15347272.0 47.47 62.97 34661971831.0 0.158153135922 -1.0 iHodor 343.0 -1.0 iCharybdis
15345361.0 31.8 46.68 7742253521.13 0.140623714083 -1.0 iHodor 343.0 -1.0 iCharybdis
15343167.0 25.57 44.87 9546478873.24 0.170026867546 -1.0 iHodor 343.0 -1.0 iCharybdis
15350607.0 24.94 40.46 5888732394.37 0.11672678456 -1.0 iHodor 343.0 -1.0 iCharybdis
15349403.0 24.24 67.78 27281690140.8 0.0821069949476 -1.0 iHodor 343.0 -1.0 iCharybdis
15348473.0 22.04 44.66 9805633802.82 0.143569491084 -1.0 iHodor 343.0 -1.0 iCharybdis
15344905.0 14.39 44.92 9938028169.01 0.148410125544 -1.0 iHodor 343.0 -1.0 iCharybdis
6591239.0 18.36 39.12 5692957746.48 0.0713050922955 -1.0 iJay 278.0 -1.0 iHera
12947070.0 46.22 58.45 20014084507.0 0.0757186897417 -1.0 iKobe 291.0 -1.0 iVenus
12944509.0 40.42 42.55 7177464788.73 0.110111286153 -1.0 iKobe 291.0 -1.0 iVenus
12943335.0 25.63 42.52 7070422535.21 0.107585158623 -1.0 iKobe 291.0 -1.0 iVenus
12960011.0 55.53 66.92 59183098591.5 0.0973241362791 -1.0 iLincoln 359.0 -1.0 iLincoln
12956181.0 55.49 64.89 37070422535.2 0.121059666973 -1.0 iLincoln 359.0 -1.0 iLincoln
12957896.0 33.4 34.16 5605633802.82 0.0831736328636 -1.0 iLincoln 359.0 -1.0 iLincoln
12959952.0 25.95 36.12 6100000000.0 0.0883082137008 -1.0 iLincoln 359.0 -1.0 iLincoln
6752934.0 36.14 41.55 6156338028.17 0.0112003184555 -1.0 iLouise 261.0 -1.0 iLouise
17473535.0 47.46 51.98 38028169014.1 0.069891380005 -1.0 iMaryKate 310.0 -1.0 iSonny
17473612.0 37.19 38.15 8950704225.35 0.0241996629269 -1.0 iMaryKate 310.0 -1.0 iSonny
17454979.0 22.27 37.48 5629577464.79 0.059940585871 -1.0 iMaryKate 310.0 -1.0 iSonny
17471139.0 16.94 34.98 6304225352.11 0.0980234669829 -1.0 iMaryKate 310.0 -1.0 iSonny
7724186.0 38.29 39.69 15492957746.5 0.106513096259 -1.0 iPuff 279.0 -1.0 iTaurus
7725880.0 33.14 51.19 19338028169.0 0.114474040252 -1.0 iPuff 279.0 -1.0 iTaurus
7725879.0 25.31 40.33 9663380281.69 0.125235370547 -1.0 iPuff 279.0 -1.0 iTaurus
7725458.0 27.13 53.13 12435211267.6 0.139033112273 -1.0 iPuff 279.0 -1.0 iTaurus
7724145.0 21.54 43.53 6591549295.77 0.119155387406 -1.0 iPuff 279.0 -1.0 iTaurus
13875912.0 46.96 46.85 21126760563.4 0.161664954852 -1.0 iRemus 327.0 -1.0 iRomulus
13876351.0 36.87 36.69 10761971831.0 0.137462188991 -1.0 iRemus 327.0 -1.0 iRomulus
13875126.0 33.31 32.67 7116901408.45 0.108178137453 -1.0 iRemus 327.0 -1.0 iRomulus
13873413.0 33.97 35.66 8311267605.63 0.0842236056628 -1.0 iRemus 327.0 -1.0 iRomulus
13875902.0 35.04 56.83 25239436619.7 0.154324172469 -1.0 iRemus 327.0 -1.0 iRomulus
13876146.0 24.86 34.07 6225352112.68 0.15281012317 -1.0 iRemus 327.0 -1.0 iRomulus
13875948.0 28.21 53.84 13549295774.6 0.0997176941574 -1.0 iRemus 327.0 -1.0 iRomulus
13875927.0 13.58 37.05 5728169014.08 0.0888202583089 -1.0 iRemus 327.0 -1.0 iRomulus
9749522.0 48.32 55.49 33577464788.7 0.0868576041811 -1.0 iRomulus 285.0 -1.0 iRemus
9753403.0 20.67 45.33 13488732394.4 0.0622107191461 -1.0 iRomulus 285.0 -1.0 iRemus
9753468.0 18.61 41.81 6064788732.39 0.06670858647 -1.0 iRomulus 285.0 -1.0 iRemus
6494355.0 22.6 45.41 10601408450.7 0.0426871203062 -1.0 iSam 277.0 -1.0 iOates
6494369.0 55.03 59.68 29366197183.1 0.0221529775382 -1.0 iSam 277.0 -1.0 iOates
6494403.0 44.57 61.69 33816901408.5 0.0947551674453 -1.0 iSam 277.0 -1.0 iOates
6494567.0 31.45 39.75 13050704225.4 0.0795370369699 -1.0 iSam 277.0 -1.0 iOates
16824978.0 20.11 37.83 7077464788.73 0.0249969924793 -1.0 iShaq 361.0 -1.0 iSerana
16829856.0 33.53 41.67 8707042253.52 0.0598979046077 -1.0 iShaq 361.0 -1.0 iSerana
16833193.0 30.13 37.62 6116901408.45 0.102434539846 -1.0 iShaq 361.0 -1.0 iSerana
16833235.0 27.04 46.39 23281690140.8 0.169868065541 -1.0 iShaq 361.0 -1.0 iSerana
16833268.0 35.58 49.88 7822535211.27 0.0680016876111 -1.0 iShaq 361.0 -1.0 iSerana
12769745.0 37.17 52.55 20436619718.3 0.173793915128 -1.0 iSilentBob 358.0 -1.0 iZeus
12772445.0 20.64 37.48 7046478873.24 0.145825614687 -1.0 iSilentBob 358.0 -1.0 iZeus
12772454.0 40.26 56.86 15521126760.6 0.13102127722 -1.0 iSilentBob 358.0 -1.0 iZeus
12774420.0 44.82 54.06 13387323943.7 0.102538805849 -1.0 iSilentBob 358.0 -1.0 iZeus
12776359.0 32.03 46.73 7414084507.04 0.153681371983 -1.0 iSilentBob 358.0 -1.0 iZeus
12777101.0 30.23 63.71 38492957746.5 0.110673728014 -1.0 iSilentBob 358.0 -1.0 iZeus
7568481.0 16.5 50.25 12374647887.3 0.0877931826966 -1.0 iSonny 321.0 -1.0 iHamilton
12538106.0 26.04 46.37 10678873239.4 0.130192021674 -1.0 iTennille 342.0 -1.0 iRoy
12539117.0 40.03 48.64 12692957746.5 0.067960502024 -1.0 iTennille 342.0 -1.0 iRoy
12539395.0 39.08 41.73 11709859154.9 0.134181372574 -1.0 iTennille 342.0 -1.0 iRoy
12540840.0 37.42 43.21 8200000000.0 0.167516177453 -1.0 iTennille 342.0 -1.0 iRoy
12541382.0 19.04 38.13 7564788732.39 0.123030725483 -1.0 iTennille 342.0 -1.0 iRoy
12541414.0 47.07 58.72 26535211267.6 0.129475754632 -1.0 iTennille 342.0 -1.0 iRoy
7432054.0 36.8 43.78 9661971830.99 0.0749994300051 -1.0 iThelma 290.0 -1.0 iThelma
7439563.0 34.89 38.86 6092957746.48 0.1149738704 -1.0 iThelma 290.0 -1.0 iThelma
7432351.0 26.39 42.2 10471830985.9 0.139421569112 -1.0 iThelma 290.0 -1.0 iThelma
7432378.0 27.75 60.42 15549295774.6 0.12493325415 -1.0 iThelma 290.0 -1.0 iThelma
21256772.0 38.0 45.56 8707042253.52 0.113915593959 -1.0 iTom 349.0 -1.0 iKek
21262419.0 28.99 31.11 7529577464.79 0.124485264331 -1.0 iTom 349.0 -1.0 iKek
21262450.0 47.89 70.53 37830985915.5 0.125554264123 -1.0 iTom 349.0 -1.0 iKek
10061348.0 29.15 44.98 5922535211.27 0.16914170182 -1.0 itheCaptain 349.0 -1.0 iSiegfried
10062898.0 41.32 53.61 17507042253.5 0.0692801282004 -1.0 itheCaptain 349.0 -1.0 iSiegfried
10064877.0 24.27 39.54 7616901408.45 0.171866508681 -1.0 itheCaptain 349.0 -1.0 iSiegfried
10064893.0 32.2 44.36 6415492957.75 0.127014070451 -1.0 itheCaptain 349.0 -1.0 iSiegfried
10066101.0 36.68 45.05 7350704225.35 0.0285164837118 -1.0 itheCaptain 349.0 -1.0 iSiegfried
10066297.0 44.55 56.6 18901408450.7 0.1178904336 -1.0 itheCaptain 349.0 -1.0 iSiegfried
10066966.0 25.53 38.44 8339436619.72 0.153179012787 -1.0 itheCaptain 349.0 -1.0 iSiegfried
10067217.0 22.55 40.25 5994366197.18 0.137434609075 -1.0 itheCaptain 349.0 -1.0 iSiegfried
10069034.0 24.85 32.12 6005633802.82 0.155599303422 -1.0 itheCaptain 349.0 -1.0 iSiegfried
64556343.0 47.14 63.46 30098591549.3 0.971486988005 0.163076778565 theCaptainTennille 337.0 336.0 Siegfried&Roy
64556519.0 33.13 70.69 44859154929.6 0.906800961913 0.110213119725 theCaptainTennille 337.0 336.0 Siegfried&Roy
64787291.0 49.35 55.96 31140845070.4 0.136645569647 0.929568314296 theCaptainTennille 337.0 336.0 Siegfried&Roy
64788072.0 31.12 45.51 11321126760.6 0.135331171161 0.827758980367 theCaptainTennille 337.0 336.0 Siegfried&Roy
64789370.0 28.29 33.55 5780281690.14 0.165099526348 0.989438128313 theCaptainTennille 337.0 336.0 Siegfried&Roy
64789651.0 62.34 72.99 59338028169.0 0.0624742930667 0.892312998007 theCaptainTennille 337.0 336.0 Siegfried&Roy
64789684.0 46.79 58.08 15563380281.7 0.137770156236 0.912856235692 theCaptainTennille 337.0 336.0 Siegfried&Roy
