ID Vmax(km/s) Vpeak(km/s) Mpeak(Msun) h1dist(Mpc) h2dist(Mpc) HostName R1vir(kpc) R2vir(kpc) ELVISname
52724249.0 36.22 36.37 7428169014.08 0.712101326043 0.13631991135 KobeShaq 295 368 Serena&Venus
52726141.0 28.41 30.22 4683098591.55 0.784792759562 0.249860649915 KobeShaq 295 368 Serena&Venus
52727276.0 20.72 21.68 1312535211.27 0.172551321467 0.575471750107 KobeShaq 295 368 Serena&Venus
52727307.0 22.79 26.89 2898591549.3 0.101033208326 0.758514997733 KobeShaq 295 368 Serena&Venus
52727586.0 24.23 29.62 2853521126.76 0.998197339103 0.325727168739 KobeShaq 295 368 Serena&Venus
52727727.0 24.5 28.76 1481690140.85 0.252222377187 0.455431429686 KobeShaq 295 368 Serena&Venus
52727861.0 27.1 26.27 2605633802.82 0.145569747811 0.690192206769 KobeShaq 295 368 Serena&Venus
52728347.0 21.21 38.94 2222535211.27 0.774185047518 0.088237948348 KobeShaq 295 368 Serena&Venus
52728429.0 29.44 33.52 4595774647.89 0.734409248348 0.0648855140577 KobeShaq 295 368 Serena&Venus
52728821.0 22.31 22.32 1945070422.54 0.820172262981 0.142791187923 KobeShaq 295 368 Serena&Venus
52729033.0 16.31 25.01 1580281690.14 0.759067487059 0.0994698234872 KobeShaq 295 368 Serena&Venus
52729082.0 16.39 41.64 5009859154.93 0.542994794228 0.160202136251 KobeShaq 295 368 Serena&Venus
52729451.0 40.28 41.94 10950704225.4 0.743704811106 0.110522368818 KobeShaq 295 368 Serena&Venus
52729788.0 23.88 35.69 3984507042.25 0.436369088903 0.286036432481 KobeShaq 295 368 Serena&Venus
52730155.0 26.41 31.89 4064788732.39 0.736010363452 0.1404701284 KobeShaq 295 368 Serena&Venus
52730220.0 20.47 24.98 1360563380.28 0.707047055845 0.219692365297 KobeShaq 295 368 Serena&Venus
52730408.0 21.59 34.05 2960563380.28 0.60155493153 0.0975218814301 KobeShaq 295 368 Serena&Venus
52730425.0 25.23 34.02 2405633802.82 0.478818141196 0.20905154034 KobeShaq 295 368 Serena&Venus
52731020.0 23.53 27.24 2877464788.73 0.617938628973 0.283993302027 KobeShaq 295 368 Serena&Venus
52731491.0 19.69 19.73 1309718309.86 0.291803672453 0.736108282989 KobeShaq 295 368 Serena&Venus
52731695.0 32.23 39.03 5915492957.75 0.194879435157 0.70567731459 KobeShaq 295 368 Serena&Venus
52732392.0 29.32 30.51 3077464788.73 0.124858845118 0.760074911086 KobeShaq 295 368 Serena&Venus
52732465.0 21.03 25.27 1491549295.77 0.0927550179478 0.662376959339 KobeShaq 295 368 Serena&Venus
52732497.0 11.55 26.42 1340563380.28 0.111422310884 0.700065900063 KobeShaq 295 368 Serena&Venus
52732578.0 19.85 23.73 1298169014.08 0.174565822382 0.857082725675 KobeShaq 295 368 Serena&Venus
52732667.0 11.84 25.29 1327464788.73 0.0877114312933 0.652845265652 KobeShaq 295 368 Serena&Venus
52732766.0 15.39 27.12 1561971830.99 0.171297463113 0.716202390054 KobeShaq 295 368 Serena&Venus
52732769.0 13.84 24.53 1464788732.39 0.086460205812 0.722233647361 KobeShaq 295 368 Serena&Venus
52733125.0 20.22 25.95 1571830985.92 0.689359937901 0.0762212401169 KobeShaq 295 368 Serena&Venus
52733240.0 17.95 33.51 3888732394.37 0.825465033495 0.168618344794 KobeShaq 295 368 Serena&Venus
52733519.0 21.65 36.91 3276056338.03 0.537903017853 0.217738154187 KobeShaq 295 368 Serena&Venus
52733649.0 24.96 38.11 8664788732.39 0.239657143684 0.661381320376 KobeShaq 295 368 Serena&Venus
52733653.0 21.17 26.34 1625352112.68 0.128924334518 0.772143170519 KobeShaq 295 368 Serena&Venus
52733921.0 20.01 25.77 3480281690.14 0.287653369216 0.903260513389 KobeShaq 295 368 Serena&Venus
52734030.0 24.54 27.85 1884507042.25 0.228038909611 0.906790439523 KobeShaq 295 368 Serena&Venus
52734196.0 20.85 19.27 2154929577.46 0.585361830261 0.359661107819 KobeShaq 295 368 Serena&Venus
52734215.0 24.63 24.61 2516901408.45 0.535629360975 0.232048177915 KobeShaq 295 368 Serena&Venus
52734273.0 24.48 32.6 5778873239.44 0.159012766496 0.668816760967 KobeShaq 295 368 Serena&Venus
52734420.0 43.59 59.64 20352112676.1 0.60397740308 0.236427956333 KobeShaq 295 368 Serena&Venus
52734434.0 22.01 30.75 2487323943.66 0.527413364612 0.244145951402 KobeShaq 295 368 Serena&Venus
52734446.0 20.78 28.97 1532394366.2 0.689896240211 0.0871366130138 KobeShaq 295 368 Serena&Venus
52734673.0 24.01 25.96 2601408450.7 0.267530546174 0.45210744282 KobeShaq 295 368 Serena&Venus
52734844.0 28.02 29.52 3814084507.04 0.256224175691 0.614496211808 KobeShaq 295 368 Serena&Venus
52735005.0 23.6 28.7 3115492957.75 0.148976661346 0.673780686727 KobeShaq 295 368 Serena&Venus
52735288.0 19.16 44.82 9488732394.37 0.691690468078 0.0258864426891 KobeShaq 295 368 Serena&Venus
52735349.0 21.57 25.02 1516901408.45 0.732732075716 0.339609821394 KobeShaq 295 368 Serena&Venus
52735375.0 23.25 23.88 2557746478.87 0.490045324592 0.253725614714 KobeShaq 295 368 Serena&Venus
52735409.0 18.77 29.67 3345070422.54 0.883017423432 0.216760526316 KobeShaq 295 368 Serena&Venus
52735416.0 27.07 31.11 3173239436.62 0.643851246403 0.0663242906143 KobeShaq 295 368 Serena&Venus
52735463.0 37.48 40.85 8138028169.01 0.123962365746 0.647391423811 KobeShaq 295 368 Serena&Venus
52735542.0 18.9 29.27 2028169014.08 0.561733291355 0.145263502716 KobeShaq 295 368 Serena&Venus
52735666.0 12.78 30.77 2611267605.63 0.659718980707 0.0939896987944 KobeShaq 295 368 Serena&Venus
52735684.0 14.59 29.47 2211267605.63 0.661086650157 0.115957017702 KobeShaq 295 368 Serena&Venus
52735691.0 12.85 21.46 1377042253.52 0.524602936348 0.175932461208 KobeShaq 295 368 Serena&Venus
52735733.0 19.44 27.64 2083098591.55 0.701714111944 0.189770138889 KobeShaq 295 368 Serena&Venus
52736149.0 43.31 43.26 13770422535.2 0.473502028504 0.281572746665 KobeShaq 295 368 Serena&Venus
52736425.0 12.28 24.08 1474647887.32 0.223746693873 0.472635473715 KobeShaq 295 368 Serena&Venus
52736436.0 23.37 31.94 2528169014.08 0.218479041669 0.46993815262 KobeShaq 295 368 Serena&Venus
52736448.0 9.94 26.22 1464788732.39 0.0950452632333 0.690439074684 KobeShaq 295 368 Serena&Venus
52736491.0 21.74 34.02 4725352112.68 0.0579478471172 0.69254206515 KobeShaq 295 368 Serena&Venus
52736505.0 21.17 31.97 4711267605.63 0.0321129416841 0.66256271441 KobeShaq 295 368 Serena&Venus
52736511.0 19.47 29.7 2152112676.06 0.0474534173698 0.666942250337 KobeShaq 295 368 Serena&Venus
52736526.0 14.54 31.35 2349295774.65 0.0789489400304 0.735828461462 KobeShaq 295 368 Serena&Venus
52736544.0 24.62 34.53 3964788732.39 0.114225702922 0.697636891154 KobeShaq 295 368 Serena&Venus
52736547.0 22.99 34.75 4822535211.27 0.257292445862 0.473082777767 KobeShaq 295 368 Serena&Venus
52736552.0 24.49 46.31 7878873239.44 0.042888121827 0.672192697974 KobeShaq 295 368 Serena&Venus
52736564.0 18.74 25.78 1340704225.35 0.0915778709467 0.673119887582 KobeShaq 295 368 Serena&Venus
52736565.0 17.7 25.05 1691549295.77 0.0915125180732 0.750801836663 KobeShaq 295 368 Serena&Venus
52736568.0 20.93 24.84 1612676056.34 0.230686878314 0.854433266269 KobeShaq 295 368 Serena&Venus
52736694.0 21.98 26.42 2329577464.79 0.221423456647 0.760663791494 KobeShaq 295 368 Serena&Venus
52736883.0 36.64 37.4 9808450704.23 0.549571843952 0.338627377941 KobeShaq 295 368 Serena&Venus
52737142.0 22.25 25.76 2380281690.14 0.607721675599 0.196465221395 KobeShaq 295 368 Serena&Venus
52737430.0 21.49 27.39 1663380281.69 0.752989517226 0.0721862369637 KobeShaq 295 368 Serena&Venus
52737477.0 20.86 24.23 1498591549.3 0.716510438092 0.220372144265 KobeShaq 295 368 Serena&Venus
52737506.0 39.92 52.65 10594366197.2 0.806959711877 0.292290551871 KobeShaq 295 368 Serena&Venus
52737512.0 17.22 30.18 2370422535.21 0.744431319523 0.217301333794 KobeShaq 295 368 Serena&Venus
52737574.0 49.43 50.43 25816901408.5 0.995015248114 0.365369442344 KobeShaq 295 368 Serena&Venus
52737602.0 19.2 31.64 1753521126.76 0.826594274013 0.141226644392 KobeShaq 295 368 Serena&Venus
52960885.0 27.8 28.81 3352112676.06 0.602199883974 0.245130814155 KobeShaq 295 368 Serena&Venus
52961192.0 19.62 22.09 1456338028.17 0.570950785484 0.367903893896 KobeShaq 295 368 Serena&Venus
52961765.0 23.92 25.36 1933802816.9 0.28486304738 0.6381909294 KobeShaq 295 368 Serena&Venus
52962021.0 18.04 33.6 2308450704.23 0.673637732821 0.0809251713404 KobeShaq 295 368 Serena&Venus
52962173.0 28.01 33.1 4947887323.94 0.718460765424 0.18699250887 KobeShaq 295 368 Serena&Venus
52962764.0 24.6 27.09 1854929577.46 0.86211429896 0.203793181391 KobeShaq 295 368 Serena&Venus
52962805.0 34.53 38.19 6687323943.66 0.844365806952 0.211440546118 KobeShaq 295 368 Serena&Venus
52963059.0 28.07 30.98 5526760563.38 0.924717394811 0.324420304576 KobeShaq 295 368 Serena&Venus
52963234.0 22.16 23.28 2228169014.08 0.657799942032 0.175430769168 KobeShaq 295 368 Serena&Venus
52963336.0 24.99 27.97 2185915492.96 0.819324010729 0.164937928127 KobeShaq 295 368 Serena&Venus
52963900.0 20.69 31.21 2530985915.49 0.154514413013 0.707084465942 KobeShaq 295 368 Serena&Venus
52964081.0 36.56 44.13 14971830985.9 0.294480017418 0.533636411872 KobeShaq 295 368 Serena&Venus
52964105.0 21.6 25.45 2453521126.76 0.19246540509 0.775806122465 KobeShaq 295 368 Serena&Venus
52964151.0 46.79 47.59 21619718309.9 0.719693943112 0.138472022057 KobeShaq 295 368 Serena&Venus
52964241.0 24.74 34.52 2173239436.62 0.663473266412 0.122115111173 KobeShaq 295 368 Serena&Venus
52964839.0 22.62 24.75 1678873239.44 0.944922992321 0.304745812955 KobeShaq 295 368 Serena&Venus
