ID Vmax(km/s) Vpeak(km/s) Mpeak(Msun) h1dist(Mpc) h2dist(Mpc) HostName R1vir(kpc) R2vir(kpc) ELVISname
80181361.0 37.78 37.78 9953521126.76 0.32751428431 0.691905255482 HodorBran 346 306 Scylla&Charybdis
80182758.0 46.95 54.85 28464788732.4 0.300899578659 0.456824881575 HodorBran 346 306 Scylla&Charybdis
80183213.0 40.44 39.06 9947887323.94 0.439540504378 0.268163296631 HodorBran 346 306 Scylla&Charybdis
80177222.0 45.31 53.05 12283098591.5 0.139146792971 0.798714557186 HodorBran 346 306 Scylla&Charybdis
80179323.0 38.88 41.67 6702816901.41 0.174742682701 0.724123566455 HodorBran 346 306 Scylla&Charybdis
80175824.0 46.23 45.26 9152112676.06 0.0494308009898 0.700822291844 HodorBran 346 306 Scylla&Charybdis
80179729.0 31.89 36.69 5966197183.1 0.326739122961 0.818412856964 HodorBran 346 306 Scylla&Charybdis
80179361.0 40.4 67.23 23000000000.0 0.101745404592 0.735649095391 HodorBran 346 306 Scylla&Charybdis
80182750.0 37.16 51.51 14394366197.2 0.165321573829 0.568590427453 HodorBran 346 306 Scylla&Charybdis
80177474.0 31.37 32.51 4200000000.0 0.139386756627 0.570478968518 HodorBran 346 306 Scylla&Charybdis
80183076.0 29.79 32.28 4673239436.62 0.889963485629 0.28355158873 HodorBran 346 306 Scylla&Charybdis
80183034.0 35.08 37.45 5342253521.13 0.636169931161 0.247489659023 HodorBran 346 306 Scylla&Charybdis
80173685.0 25.1 25.22 2605633802.82 0.287482421774 0.965436302567 HodorBran 346 306 Scylla&Charybdis
80180564.0 34.35 45.48 8950704225.35 0.101981809293 0.750704841054 HodorBran 346 306 Scylla&Charybdis
80177463.0 35.46 48.69 7019718309.86 0.180541319432 0.60530227431 HodorBran 346 306 Scylla&Charybdis
80303868.0 29.4 30.96 3436619718.31 0.821616056113 0.139107791241 HodorBran 346 306 Scylla&Charybdis
80178588.0 27.64 28.07 2385915492.96 0.300709201397 0.539440364235 HodorBran 346 306 Scylla&Charybdis
80176139.0 31.0 34.11 3518309859.15 0.236871088395 0.904717193688 HodorBran 346 306 Scylla&Charybdis
80178877.0 26.03 27.26 2239436619.72 0.27317328588 0.849963477167 HodorBran 346 306 Scylla&Charybdis
80183089.0 30.08 32.88 2898591549.3 0.68927094371 0.108103649925 HodorBran 346 306 Scylla&Charybdis
80303912.0 30.01 39.64 4526760563.38 0.976523655886 0.274656035271 HodorBran 346 306 Scylla&Charybdis
80304205.0 31.92 60.51 25098591549.3 0.751561417697 0.065662740704 HodorBran 346 306 Scylla&Charybdis
80174139.0 21.78 21.67 1539436619.72 0.298360913119 0.849817198916 HodorBran 346 306 Scylla&Charybdis
80182781.0 28.1 32.92 2998591549.3 0.642092575584 0.215978146143 HodorBran 346 306 Scylla&Charybdis
80304135.0 31.53 48.62 10261971831.0 0.787447572873 0.0920075486583 HodorBran 346 306 Scylla&Charybdis
80177653.0 27.33 33.1 4192957746.48 0.266195304412 0.675573206037 HodorBran 346 306 Scylla&Charybdis
80177826.0 26.09 27.74 2533802816.9 0.170166542691 0.850739020252 HodorBran 346 306 Scylla&Charybdis
80173242.0 26.82 32.13 3732394366.2 0.203642035823 0.796537440718 HodorBran 346 306 Scylla&Charybdis
80175796.0 23.67 25.08 2476056338.03 0.344122538586 0.943967553844 HodorBran 346 306 Scylla&Charybdis
80174785.0 21.94 22.49 2146478873.24 0.134646026565 0.827741453898 HodorBran 346 306 Scylla&Charybdis
80183401.0 24.26 27.17 1915492957.75 0.671159303558 0.169680036594 HodorBran 346 306 Scylla&Charybdis
80302651.0 25.85 31.34 2883098591.55 0.833750345228 0.202579933455 HodorBran 346 306 Scylla&Charybdis
80177892.0 28.75 45.57 9771830985.92 0.0761735013054 0.751005858198 HodorBran 346 306 Scylla&Charybdis
80179366.0 29.25 32.23 2107042253.52 0.204595413142 0.703070822205 HodorBran 346 306 Scylla&Charybdis
80172419.0 21.99 22.69 1295492957.75 0.191220170849 0.837547589389 HodorBran 346 306 Scylla&Charybdis
80176870.0 25.34 27.54 2059154929.58 0.268353527554 0.906482082077 HodorBran 346 306 Scylla&Charybdis
80175504.0 24.7 53.3 17788732394.4 0.163805947435 0.849199085543 HodorBran 346 306 Scylla&Charybdis
80174648.0 22.77 23.87 1526760563.38 0.12587742201 0.717188875927 HodorBran 346 306 Scylla&Charybdis
80180494.0 21.36 30.88 4061971830.99 0.207728607491 0.664538945822 HodorBran 346 306 Scylla&Charybdis
80180042.0 23.25 26.93 1984507042.25 0.304216547212 0.881588576812 HodorBran 346 306 Scylla&Charybdis
80175760.0 23.71 26.47 1952112676.06 0.132837694219 0.728132628017 HodorBran 346 306 Scylla&Charybdis
80183096.0 22.54 26.76 1825352112.68 0.554856080069 0.213951320228 HodorBran 346 306 Scylla&Charybdis
80174974.0 29.1 39.06 3804225352.11 0.0411468068065 0.733004133082 HodorBran 346 306 Scylla&Charybdis
80177672.0 26.03 33.98 3170422535.21 0.148052329812 0.673533875446 HodorBran 346 306 Scylla&Charybdis
80183361.0 25.36 32.45 2529577464.79 0.649993506903 0.134516535319 HodorBran 346 306 Scylla&Charybdis
80183386.0 24.86 27.08 1504225352.11 0.735870816624 0.0776081196401 HodorBran 346 306 Scylla&Charybdis
80182745.0 20.61 31.72 2743661971.83 0.134258164412 0.644181304036 HodorBran 346 306 Scylla&Charybdis
80178030.0 23.18 30.87 2163380281.69 0.235535344339 0.785112152653 HodorBran 346 306 Scylla&Charybdis
80172978.0 24.18 44.76 8035211267.61 0.177004857839 0.704698704718 HodorBran 346 306 Scylla&Charybdis
80181996.0 16.98 21.17 1866197183.1 0.830116770227 0.192355077134 HodorBran 346 306 Scylla&Charybdis
80174559.0 20.36 28.69 2269014084.51 0.125333507877 0.781140916812 HodorBran 346 306 Scylla&Charybdis
80304187.0 20.76 28.41 2042253521.13 0.799414803199 0.156254892246 HodorBran 346 306 Scylla&Charybdis
80173584.0 21.78 40.93 5802816901.41 0.310960362353 0.929266313055 HodorBran 346 306 Scylla&Charybdis
80304150.0 23.33 32.54 2809859154.93 0.729892437584 0.0482297800554 HodorBran 346 306 Scylla&Charybdis
80177356.0 22.48 30.68 2705633802.82 0.118553253159 0.702694582486 HodorBran 346 306 Scylla&Charybdis
80183282.0 22.07 35.88 4253521126.76 0.614373293964 0.135484753492 HodorBran 346 306 Scylla&Charybdis
80183387.0 18.6 28.68 2042253521.13 0.706537737905 0.0760463856295 HodorBran 346 306 Scylla&Charybdis
80178943.0 21.38 29.41 1874647887.32 0.229621951103 0.509954924668 HodorBran 346 306 Scylla&Charybdis
80179035.0 19.2 25.13 1476056338.03 0.266075061413 0.609920584032 HodorBran 346 306 Scylla&Charybdis
80173830.0 20.66 28.58 1590140845.07 0.0839299083638 0.724169329381 HodorBran 346 306 Scylla&Charybdis
80174868.0 22.11 25.83 1530985915.49 0.0106694579929 0.709738897286 HodorBran 346 306 Scylla&Charybdis
80177344.0 22.09 36.34 3238028169.01 0.129326140992 0.696911225124 HodorBran 346 306 Scylla&Charybdis
80183269.0 23.73 40.01 2943661971.83 0.676655027459 0.0332370761874 HodorBran 346 306 Scylla&Charybdis
80176357.0 17.87 28.83 2102816901.41 0.118453177781 0.641661108204 HodorBran 346 306 Scylla&Charybdis
80182765.0 20.75 36.6 3677464788.73 0.314728209829 0.440072405045 HodorBran 346 306 Scylla&Charybdis
80182754.0 18.64 25.83 1346760563.38 0.254873597853 0.466929386709 HodorBran 346 306 Scylla&Charybdis
80182640.0 16.35 31.72 4053521126.76 0.0968785798527 0.717515006095 HodorBran 346 306 Scylla&Charybdis
80304131.0 18.65 23.71 1733802816.9 0.679183451566 0.0714595394654 HodorBran 346 306 Scylla&Charybdis
80179629.0 18.32 42.05 4122535211.27 0.288634000755 0.674019579517 HodorBran 346 306 Scylla&Charybdis
80182314.0 18.51 28.3 1395915492.96 0.597326508657 0.169562387613 HodorBran 346 306 Scylla&Charybdis
80175538.0 14.66 29.38 1700000000.0 0.313624460022 0.734479707403 HodorBran 346 306 Scylla&Charybdis
80182717.0 15.01 28.88 1294929577.46 0.189054338087 0.762115718627 HodorBran 346 306 Scylla&Charybdis
80182757.0 17.24 29.98 1928169014.08 0.314780146084 0.40887969434 HodorBran 346 306 Scylla&Charybdis
80173302.0 11.39 21.96 1629577464.79 0.237100566501 0.71080485658 HodorBran 346 306 Scylla&Charybdis
80304128.0 15.11 22.58 1912676056.34 0.678482421987 0.0710979051774 HodorBran 346 306 Scylla&Charybdis
80304140.0 14.99 28.37 1778873239.44 0.727901864117 0.0877275203899 HodorBran 346 306 Scylla&Charybdis
80183293.0 16.04 33.15 1784507042.25 0.701369357047 0.157547040676 HodorBran 346 306 Scylla&Charybdis
80182647.0 15.09 36.12 2238028169.01 0.103366297937 0.714175257866 HodorBran 346 306 Scylla&Charybdis
80179614.0 14.4 28.42 1550704225.35 0.261348038946 0.866228333918 HodorBran 346 306 Scylla&Charybdis
