ID h1z_infall h2z_infall
22148695.0 0.590356809312 -1.0
22148768.0 -1.0 -1.0
22149052.0 0.500532595158 -1.0
22149373.0 0.296482082117 -1.0
22149405.0 2.97761471463 -1.0
22150280.0 1.05917529594 -1.0
22150526.0 0.170867458144 -1.0
22151091.0 -1.0 -1.0
22151598.0 0.857870605047 -1.0
22151621.0 0.856599793286 -1.0
22152212.0 0.884393136301 -1.0
22152587.0 0.932158188892 -1.0
22152699.0 -1.0 -1.0
22153200.0 0.554828575284 -1.0
22153301.0 0.402574338391 -1.0
22153698.0 0.454886649968 -1.0
22153854.0 0.843330911957 -1.0
22153947.0 0.277335704722 -1.0
22155516.0 -1.0 0.160476558128
22158327.0 -1.0 1.53059196578
22159052.0 -1.0 -1.0
22159258.0 -1.0 0.70241624007
22160105.0 -1.0 12.7701239311
22160158.0 -1.0 0.13661120891
22253605.0 -1.0 -1.0
22253898.0 -1.0 -1.0
22254537.0 -1.0 -1.0
22254639.0 -1.0 -1.0
22255057.0 -1.0 -1.0
22313773.0 -1.0 -1.0
23028588.0 3.51745074491 -1.0
23029628.0 0.0306354572613 -1.0
23030091.0 2.29898837141 -1.0
23032401.0 0.580602944735 -1.0
23032452.0 1.34059231635 -1.0
23033094.0 -1.0 -1.0
23033494.0 -1.0 2.10061339534
23033896.0 -1.0 0.108882417852
23034374.0 -1.0 4.82811419816
23035515.0 -1.0 2.07336987855
23035710.0 0.930722201753 -1.0
23036126.0 1.29203964113 -1.0
23036199.0 2.66165687713 -1.0
23036525.0 2.87338986625 -1.0
23036564.0 2.45794620431 -1.0
23036699.0 3.07750596961 -1.0
23036971.0 0.189188078169 -1.0
23037019.0 -1.0 0.535965199231
23037225.0 -1.0 2.68873525807
23037239.0 -1.0 2.03020478199
23037656.0 0.74810553014 -1.0
23038761.0 -1.0 0.134897229292
23064496.0 -1.0 -1.0
23064512.0 -1.0 -1.0
23086094.0 -1.0 -1.0
23094103.0 -1.0 1.07506510925
23094443.0 -1.0 -1.0
23095935.0 -1.0 -1.0
23097073.0 -1.0 -1.0
23098857.0 -1.0 -1.0
23137180.0 -1.0 -1.0
23139517.0 -1.0 -1.0
23205143.0 -1.0 -1.0
23205258.0 -1.0 -1.0
10502339.0 0.362247487667 -1.0
10502542.0 2.14840208603 -1.0
10503975.0 1.32651148824 -1.0
10506291.0 -1.0 0.0502409565343
10506366.0 -1.0 -1.0
10506472.0 -1.0 1.68888364681
10506473.0 -1.0 1.72534807647
10506857.0 -1.0 0.353146442967
10507622.0 -1.0 3.43362997751
10508084.0 -1.0 0.661279030207
10509192.0 -1.0 1.74022961545
10550519.0 -1.0 -1.0
10570946.0 -1.0 -1.0
10574647.0 -1.0 -1.0
80351567.0 -1.0 -1.0
80353686.0 -1.0 -1.0
80212272.0 -1.0 -1.0
80094393.0 0.912347969666 -1.0
80354062.0 -1.0 -1.0
80208581.0 -1.0 -1.0
80181361.0 0.0144212354849 -1.0
80222594.0 -1.0 -1.0
80212062.0 -1.0 -1.0
80201962.0 -1.0 -1.0
80352671.0 -1.0 -1.0
80222325.0 -1.0 -1.0
80470562.0 -1.0 -1.0
80352939.0 -1.0 -1.0
80190584.0 -1.0 -1.0
80183213.0 -1.0 1.582896983
80190640.0 -1.0 -1.0
80177222.0 2.41878417905 -1.0
80179323.0 2.29592221438 -1.0
80350552.0 -1.0 1.57430024862
80222364.0 -1.0 -1.0
80209033.0 -1.0 -1.0
80175824.0 2.39721763563 -1.0
80351425.0 -1.0 -1.0
80176716.0 2.39721763563 -1.0
80308880.0 -1.0 -1.0
80175221.0 0.613201417284 -1.0
80179729.0 0.00650659618787 1.582896983
80182750.0 1.44271421725 -1.0
80303562.0 -1.0 -1.0
80303711.0 -1.0 -1.0
80180564.0 2.16403334601 -1.0
80177463.0 1.62115853079 -1.0
80304135.0 -1.0 3.2805195307
80177892.0 0.0963922443134 -1.0
80172978.0 2.87338986625 -1.0
80173584.0 2.93244623115 -1.0
20827946.0 -1.0 0.554828575284
20828489.0 0.0979486227235 0.524188597458
20829253.0 1.28642400463 -1.0
20829818.0 2.75727266082 -1.0
20829883.0 -1.0 -1.0
20830038.0 1.10970526912 -1.0
20830520.0 1.11547320958 -1.0
20833425.0 -1.0 0.680217888996
20834866.0 -1.0 0.0887140673954
20834990.0 -1.0 0.00913300457212
20835074.0 -1.0 -1.0
20835275.0 -1.0 0.991893077147
20835897.0 -1.0 0.102644383537
20835955.0 -1.0 0.623757374565
20836786.0 -1.0 1.48874280036
20838875.0 -1.0 -1.0
20839216.0 -1.0 0.158738703932
20839678.0 -1.0 0.589987545466
20839692.0 -1.0 0.545166929243
20839854.0 -1.0 1.37655153448
20840126.0 -1.0 0.172871084013
20840310.0 -1.0 2.50493681968
20840337.0 -1.0 3.36657975758
20840388.0 -1.0 0.536298524812
20840474.0 -1.0 4.27216334932
20850489.0 -1.0 -1.0
20850669.0 -1.0 -1.0
20851085.0 -1.0 -1.0
20851768.0 -1.0 -1.0
20928960.0 -1.0 -1.0
20934454.0 -1.0 -1.0
20937200.0 -1.0 -1.0
20946151.0 -1.0 -1.0
20948121.0 -1.0 -1.0
20959612.0 -1.0 -1.0
20963433.0 -1.0 -1.0
20963842.0 -1.0 -1.0
20964539.0 -1.0 -1.0
20965587.0 -1.0 -1.0
20967255.0 -1.0 -1.0
20974774.0 -1.0 -1.0
20976668.0 -1.0 -1.0
52722611.0 -1.0 -1.0
52723024.0 -1.0 -1.0
52723074.0 -1.0 -1.0
52723256.0 -1.0 -1.0
52723284.0 -1.0 -1.0
52724249.0 1.07753213121 0.118643412387
52729451.0 0.829785930752 0.118496996059
52731695.0 1.96966072349 -1.0
52733312.0 -1.0 1.97871875601
52733469.0 -1.0 0.34876566369
52733649.0 2.07336987855 -1.0
52734273.0 0.158813169017 0.941144708423
52735049.0 0.709946611667 -1.0
52735288.0 -1.0 3.5048078817
52735463.0 1.63396439504 -1.0
52736149.0 -1.0 0.0292552933024
52736552.0 1.46896019183 -1.0
52736883.0 -1.0 0.0559764448225
52737506.0 -1.0 3.2161185908
52738152.0 -1.0 -1.0
52738394.0 -1.0 -1.0
52897661.0 -1.0 -1.0
52897692.0 -1.0 -1.0
52900126.0 -1.0 -1.0
52901536.0 -1.0 -1.0
52901787.0 -1.0 -1.0
52901958.0 -1.0 -1.0
52902021.0 -1.0 -1.0
52902071.0 -1.0 -1.0
52902110.0 -1.0 -1.0
52902249.0 -1.0 -1.0
52902276.0 -1.0 -1.0
52902390.0 -1.0 -1.0
52902505.0 -1.0 -1.0
52902691.0 -1.0 -1.0
52957964.0 -1.0 -1.0
52958017.0 -1.0 -1.0
52959930.0 -1.0 -1.0
52960409.0 -1.0 -1.0
52962323.0 -1.0 1.01707924681
52962394.0 -1.0 0.623359030121
52962805.0 -1.0 1.21776272477
52964081.0 1.11642890447 -1.0
52965654.0 -1.0 -1.0
53033448.0 -1.0 -1.0
14341241.0 0.66172386633 -1.0
14341257.0 1.19449246486 -1.0
14341542.0 0.551101470662 -1.0
14342011.0 0.0545367078508 -1.0
14342624.0 1.69072325444 -1.0
14342708.0 2.9416761694 -1.0
14342744.0 2.06870879067 -1.0
14342840.0 2.74641511322 -1.0
14343241.0 0.162295959672 0.965812900545
14343364.0 1.93584424918 -1.0
14343410.0 1.21333195423 -1.0
14343590.0 2.18730902557 -1.0
14345094.0 -1.0 0.930722201753
14345224.0 -1.0 3.64672002316
14346346.0 -1.0 0.939848059111
14346468.0 -1.0 -1.0
14346805.0 -1.0 3.23367750126
14347477.0 -1.0 0.530538976466
14347569.0 -1.0 3.53767469101
14347618.0 -1.0 3.35867467192
14348582.0 -1.0 0.0795926337129
14348734.0 -1.0 0.956606808992
14348756.0 -1.0 0.913034852661
14349092.0 4.23648374179 -1.0
14349255.0 0.12346558664 -1.0
14350304.0 -1.0 2.23570466554
14375909.0 -1.0 -1.0
14409612.0 -1.0 -1.0
14411339.0 -1.0 -1.0
14470006.0 -1.0 -1.0
18579181.0 1.46606980125 -1.0
18582309.0 1.17697849719 -1.0
18582382.0 2.74641511322 -1.0
18582422.0 2.79735310028 -1.0
18582892.0 -1.0 1.46753425034
18583735.0 -1.0 1.25857441547
18586254.0 -1.0 -1.0
18586418.0 -1.0 1.683170558
18586519.0 -1.0 0.463344661011
18587488.0 -1.0 1.71721113727
18587492.0 -1.0 1.87731878346
18588663.0 -1.0 0.822238712764
18588895.0 -1.0 0.244588894459
18590097.0 -1.0 1.37655153448
18590282.0 -1.0 0.941863949655
18590473.0 -1.0 4.49688677731
18590885.0 -1.0 0.25062618279
18590917.0 -1.0 1.74808436734
18591610.0 -1.0 3.58488668734
18593132.0 -1.0 1.57430024862
18593184.0 -1.0 2.14840208603
18607169.0 -1.0 -1.0
18607363.0 -1.0 -1.0
18696557.0 -1.0 -1.0
18699542.0 -1.0 -1.0
18699564.0 -1.0 -1.0
18703878.0 -1.0 0.743638424971
18706569.0 -1.0 -1.0
18706606.0 -1.0 -1.0
13129221.0 0.724716944924 -1.0
13130475.0 0.554479576024 -1.0
13132453.0 8.26833041147 -1.0
13132791.0 0.179942770279 -1.0
13132898.0 -1.0 -1.0
13136153.0 -1.0 5.22768732397
13137467.0 -1.0 1.44553157101
13137514.0 -1.0 3.06605413708
13138431.0 -1.0 2.15114265078
13138687.0 1.54047804801 -1.0
13147389.0 -1.0 -1.0
13167990.0 -1.0 -1.0
13168974.0 -1.0 -1.0
13176739.0 -1.0 -1.0
13177533.0 -1.0 -1.0
13177962.0 -1.0 -1.0
13218892.0 -1.0 -1.0
13228186.0 -1.0 -1.0
13232342.0 -1.0 -1.0
26096263.0 0.4199282081 -1.0
26097192.0 1.31259906544 -1.0
26098791.0 1.42118846342 -1.0
26099730.0 -1.0 0.675669747945
26103319.0 2.19013374602 -1.0
26104832.0 4.14088454674 -1.0
26105334.0 0.43087183687 -1.0
26105360.0 0.43087183687 -1.0
26105679.0 0.230524398799 -1.0
26106131.0 0.0306482390393 -1.0
26106964.0 0.145088256204 -1.0
26107079.0 1.0991965245 -1.0
26107219.0 0.0901708108534 -1.0
26107319.0 0.640989347751 -1.0
26107484.0 -1.0 -1.0
26107669.0 0.151909831254 -1.0
26107676.0 0.128382636906 -1.0
26107867.0 1.11065342777 -1.0
26109364.0 1.39866235374 0.125099835006
26109780.0 -1.0 -1.0
26111677.0 -1.0 0.906931008366
26112446.0 -1.0 0.00650194496781
26112450.0 -1.0 -1.0
26112569.0 -1.0 -1.0
26112583.0 0.796838763335 -1.0
26112953.0 -1.0 -1.0
26113307.0 -1.0 -1.0
26113841.0 -1.0 0.397281115618
26144989.0 -1.0 -1.0
26212279.0 -1.0 -1.0
26221562.0 -1.0 -1.0
26222011.0 -1.0 -1.0
26225550.0 -1.0 0.759498188139
26226776.0 -1.0 0.783836279557
26237530.0 -1.0 -1.0
26239485.0 0.813692647961 -1.0
26240083.0 -1.0 -1.0
26240662.0 -1.0 -1.0
26241652.0 -1.0 -1.0
26243901.0 -1.0 -1.0
26306874.0 -1.0 -1.0
26310717.0 -1.0 -1.0
26311641.0 -1.0 -1.0
16659195.0 -1.0 0.360280774406
16661849.0 -1.0 -1.0
16697110.0 -1.0 -1.0
16664605.0 -1.0 -1.0
16664696.0 -1.0 -1.0
16662469.0 -1.0 -1.0
16661462.0 0.226821770609 -1.0
16664793.0 1.29320569394 -1.0
16659113.0 -1.0 0.561449796497
16661473.0 0.363026973906 -1.0
16658902.0 -1.0 0.438114481537
16663826.0 2.25730833074 -1.0
16663477.0 0.720879558536 -1.0
16664960.0 1.58124364246 -1.0
16577148.0 -1.0 1.28867765586
16577296.0 -1.0 3.25696966204
20445684.0 -1.0 -1.0
20434156.0 -1.0 -1.0
20435720.0 -1.0 -1.0
20407655.0 -1.0 -1.0
20434487.0 -1.0 -1.0
20438146.0 0.312656262498 -1.0
20438155.0 0.386390471131 -1.0
20421494.0 0.282244085451 -1.0
20418043.0 -1.0 -1.0
20438537.0 0.427265226021 -1.0
20398556.0 -1.0 -1.0
20438640.0 0.765258028936 -1.0
20438218.0 0.849145419067 -1.0
20421513.0 1.26493692358 -1.0
20407709.0 2.99887090704 -1.0
20468394.0 -1.0 -1.0
20398540.0 -1.0 -1.0
10245691.0 1.52389804996 -1.0
10246533.0 0.667137262605 -1.0
10247835.0 -1.0 -1.0
10249110.0 0.190838504831 -1.0
10251863.0 2.41553417244 -1.0
10251982.0 0.817354116961 -1.0
10252117.0 0.389586608918 -1.0
10258242.0 -1.0 -1.0
10258366.0 -1.0 -1.0
10259480.0 -1.0 -1.0
10259481.0 -1.0 -1.0
10305877.0 -1.0 -1.0
10306466.0 -1.0 -1.0
10307708.0 -1.0 -1.0
10320332.0 -1.0 -1.0
10322341.0 -1.0 -1.0
10323341.0 -1.0 -1.0
10325521.0 -1.0 -1.0
10327681.0 -1.0 -1.0
10327912.0 -1.0 -1.0
10329960.0 -1.0 -1.0
24742540.0 -1.0 -1.0
24832831.0 -1.0 -1.0
24704051.0 0.0 -1.0
24778738.0 -1.0 -1.0
24706153.0 1.54725352897 -1.0
24703436.0 -1.0 -1.0
24879568.0 -1.0 -1.0
24785697.0 -1.0 -1.0
24907217.0 -1.0 -1.0
24906182.0 -1.0 -1.0
24879924.0 -1.0 -1.0
24734093.0 -1.0 -1.0
24927879.0 -1.0 -1.0
24703779.0 0.0588425223391 -1.0
24733165.0 -1.0 -1.0
24832280.0 -1.0 -1.0
24697413.0 -1.0 -1.0
24734775.0 -1.0 -1.0
24747134.0 -1.0 -1.0
24881257.0 0.888995380237 -1.0
24703281.0 -1.0 -1.0
24705381.0 0.138283276162 -1.0
24697395.0 -1.0 -1.0
24734380.0 -1.0 -1.0
24697846.0 1.15775953136 -1.0
24705150.0 3.34549955604 -1.0
24702368.0 2.65389709513 -1.0
24698601.0 2.37402528159 -1.0
24699560.0 1.73643006646 -1.0
24704304.0 3.48504900493 -1.0
24705102.0 1.83675230671 -1.0
24734163.0 -1.0 -1.0
24733646.0 -1.0 -1.0
24697320.0 4.76344269644 -1.0
24702725.0 4.39174515568 -1.0
9381994.0 0.449159529538 -1.0
9382308.0 0.358431330458 -1.0
9383413.0 -1.0 -1.0
9384308.0 0.577019989332 -1.0
9384402.0 -1.0 -1.0
9387621.0 -1.0 -1.0
9387724.0 -1.0 -1.0
9404980.0 -1.0 -1.0
9420492.0 -1.0 -1.0
9420651.0 -1.0 -1.0
9471242.0 -1.0 -1.0
9472591.0 -1.0 -1.0
8459215.0 0.0617483806091 -1.0
8459300.0 0.273273094588 -1.0
8459721.0 0.689457588484 -1.0
8460361.0 0.151909831254 -1.0
8461119.0 1.51298374937 -1.0
8504272.0 -1.0 -1.0
8510028.0 -1.0 -1.0
8510349.0 -1.0 -1.0
8536861.0 -1.0 -1.0
8543516.0 -1.0 -1.0
8514373.0 2.71046982082 -1.0
8515620.0 0.266878837602 -1.0
8516596.0 1.91372457482 -1.0
8517274.0 0.332500103783 -1.0
8517693.0 0.196457288305 -1.0
8517714.0 5.08074630526 -1.0
8518160.0 2.36764627649 -1.0
8528659.0 -1.0 -1.0
8541093.0 -1.0 -1.0
8541835.0 -1.0 -1.0
8564037.0 -1.0 -1.0
8566218.0 -1.0 -1.0
8567484.0 -1.0 -1.0
8586789.0 -1.0 -1.0
7467478.0 -1.0 -1.0
7470745.0 -1.0 -1.0
7471725.0 0.57987106113 -1.0
7472487.0 1.13985038309 -1.0
7472942.0 0.120156802993 -1.0
7472991.0 2.5105134449 -1.0
7489280.0 -1.0 -1.0
7497393.0 -1.0 -1.0
7504932.0 -1.0 -1.0
7514423.0 -1.0 -1.0
15419873.0 -1.0 -1.0
15417010.0 -1.0 -1.0
15344756.0 0.355858818702 -1.0
15419779.0 -1.0 -1.0
15399583.0 -1.0 -1.0
15348731.0 0.603170129574 -1.0
15347814.0 1.06556013164 -1.0
15345525.0 0.273273094588 -1.0
15348076.0 0.410012280431 -1.0
15347679.0 0.61955268366 -1.0
15349292.0 0.402345893263 -1.0
15347736.0 2.13835656619 -1.0
15350583.0 0.20175955739 -1.0
15347918.0 2.7830636607 -1.0
15350095.0 0.412159575262 -1.0
15345361.0 3.14828114615 -1.0
15350159.0 0.515230702831 -1.0
15343167.0 2.07142311028 -1.0
15357997.0 -1.0 -1.0
15350610.0 1.25857441547 -1.0
15350607.0 1.33932329877 -1.0
15348473.0 3.05613136602 -1.0
15344905.0 2.67520773358 -1.0
6586594.0 0.425844956911 -1.0
6587066.0 0.812016324452 -1.0
6587494.0 -1.0 -1.0
6587592.0 0.784402485755 -1.0
6589744.0 0.43599204144 -1.0
6590479.0 0.583103440961 -1.0
6590725.0 0.499679168782 -1.0
6590891.0 -1.0 -1.0
6591239.0 3.45919126768 -1.0
6591604.0 0.892935665551 -1.0
6594643.0 -1.0 -1.0
6594708.0 -1.0 -1.0
6594990.0 -1.0 -1.0
6596458.0 -1.0 -1.0
6596556.0 -1.0 -1.0
6597299.0 -1.0 -1.0
6638562.0 -1.0 -1.0
12949967.0 -1.0 -1.0
13032443.0 -1.0 -1.0
13005297.0 -1.0 -1.0
12946478.0 1.39124650792 -1.0
12983929.0 -1.0 -1.0
13062999.0 -1.0 -1.0
12955096.0 -1.0 -1.0
12944509.0 1.82848151062 -1.0
12969088.0 -1.0 -1.0
12969103.0 -1.0 -1.0
12947152.0 2.77880808185 -1.0
12951848.0 -1.0 -1.0
12954386.0 -1.0 -1.0
12943335.0 1.68888364681 -1.0
12945483.0 3.7032319511 -1.0
13072720.0 -1.0 -1.0
13060254.0 -1.0 -1.0
12959714.0 -1.0 -1.0
13016920.0 -1.0 -1.0
12961655.0 -1.0 -1.0
13072508.0 -1.0 -1.0
12971397.0 -1.0 -1.0
12962006.0 -1.0 -1.0
12960638.0 0.0690832874688 -1.0
12959445.0 0.848367061533 -1.0
12955844.0 0.353292585674 -1.0
12954695.0 0.228770805363 -1.0
12956912.0 0.0347703262314 -1.0
12962611.0 -1.0 -1.0
12957896.0 0.108919340116 -1.0
12958061.0 1.00142075821 -1.0
12955954.0 0.629786520953 -1.0
12953859.0 0.742120049775 -1.0
13064069.0 0.69820910977 -1.0
12959392.0 0.870061086904 -1.0
12953980.0 2.00426530462 -1.0
13063011.0 0.842192792294 -1.0
12959952.0 1.29084193126 -1.0
12962653.0 -1.0 -1.0
12962525.0 -1.0 -1.0
6818094.0 -1.0 -1.0
6774226.0 -1.0 -1.0
6754366.0 -1.0 -1.0
6818113.0 -1.0 -1.0
6745257.0 -1.0 -1.0
6752003.0 -1.0 -1.0
6818176.0 -1.0 -1.0
6763032.0 -1.0 -1.0
6745104.0 -1.0 -1.0
6826213.0 1.01707924681 -1.0
6818178.0 0.567432288669 -1.0
6825689.0 1.32651148824 -1.0
6752934.0 2.59357947134 -1.0
17435594.0 -1.0 -1.0
17494455.0 -1.0 -1.0
17416219.0 -1.0 -1.0
17432253.0 -1.0 -1.0
17472093.0 -1.0 -1.0
17475586.0 -1.0 -1.0
17488331.0 -1.0 -1.0
17410444.0 -1.0 -1.0
17473612.0 0.0908694229301 -1.0
17456644.0 0.470987078298 -1.0
17476784.0 0.669687120605 -1.0
17454979.0 0.0955891641203 -1.0
17471139.0 1.42639691136 -1.0
7726592.0 -1.0 -1.0
7724113.0 0.0676374297349 -1.0
7765226.0 -1.0 -1.0
7765042.0 -1.0 -1.0
7725993.0 0.325473964438 -1.0
7799563.0 -1.0 -1.0
7726184.0 0.135066357007 -1.0
7724715.0 0.979537977535 -1.0
7770294.0 -1.0 -1.0
7725783.0 0.772675843243 -1.0
7723498.0 1.21333195423 -1.0
7725879.0 1.7920803795 -1.0
7725458.0 1.73835494564 -1.0
7724145.0 2.01837482253 -1.0
13923872.0 -1.0 -1.0
13919851.0 -1.0 -1.0
14010851.0 -1.0 -1.0
13872479.0 0.506068884065 -1.0
13886913.0 -1.0 -1.0
13921820.0 -1.0 -1.0
13886693.0 -1.0 -1.0
13919816.0 -1.0 -1.0
13888020.0 -1.0 -1.0
13876351.0 0.148556033464 -1.0
13875126.0 0.0720457051339 -1.0
13875971.0 0.586064775884 -1.0
13876510.0 0.740239170339 -1.0
13873413.0 0.116975795026 -1.0
13872570.0 0.567072469918 -1.0
13886679.0 -1.0 -1.0
13876146.0 0.87525559812 -1.0
13874881.0 1.19966778501 -1.0
13875948.0 2.59357947134 -1.0
13875927.0 2.4734691138 -1.0
9748530.0 -1.0 -1.0
9751348.0 -1.0 -1.0
9751953.0 0.0588234759493 -1.0
9752243.0 -1.0 -1.0
9752884.0 0.633645369445 -1.0
9752921.0 0.709469175346 -1.0
9753403.0 1.84719059793 -1.0
9753468.0 4.65765670871 -1.0
9759970.0 -1.0 -1.0
9794944.0 -1.0 -1.0
9795272.0 -1.0 -1.0
9807606.0 -1.0 -1.0
6492345.0 0.58960804391 -1.0
6492360.0 1.64643325053 -1.0
6494355.0 1.92074990149 -1.0
6494523.0 0.260686496252 -1.0
6494567.0 0.694012585391 -1.0
6495057.0 0.637513755452 -1.0
6496038.0 -1.0 -1.0
6496240.0 -1.0 -1.0
6535080.0 -1.0 -1.0
6543842.0 -1.0 -1.0
6544603.0 -1.0 -1.0
16824324.0 1.13886385 -1.0
16824978.0 1.89193572261 -1.0
16826828.0 1.51953277843 -1.0
16826988.0 0.292268715341 -1.0
16827538.0 1.82019351402 -1.0
16827643.0 0.635460837457 -1.0
16828010.0 0.620354317477 -1.0
16828695.0 0.418002757907 -1.0
16829771.0 0.497627125422 -1.0
16829856.0 1.6813950713 -1.0
16831294.0 1.0321352525 -1.0
16831303.0 1.4122530205 -1.0
16833193.0 1.99023008745 -1.0
16833268.0 1.66293140229 -1.0
16835041.0 -1.0 -1.0
16835049.0 -1.0 -1.0
16835758.0 -1.0 -1.0
16846022.0 -1.0 -1.0
16885914.0 -1.0 -1.0
16944582.0 0.744163480758 -1.0
16949500.0 -1.0 -1.0
16974645.0 -1.0 -1.0
16975640.0 -1.0 -1.0
12767899.0 0.473986596777 -1.0
12770791.0 0.5802420078 -1.0
12772268.0 0.301272408794 -1.0
12772445.0 1.88116304418 -1.0
12774247.0 0.351121788126 -1.0
12774253.0 1.44553157101 -1.0
12774420.0 1.73835494564 -1.0
12775125.0 1.36795953695 -1.0
12776359.0 1.70011656692 -1.0
12778635.0 1.36795953695 -1.0
12790589.0 -1.0 -1.0
12790687.0 -1.0 -1.0
12795836.0 -1.0 -1.0
12817450.0 -1.0 -1.0
12819903.0 -1.0 -1.0
12832647.0 0.459794381834 -1.0
12855002.0 -1.0 -1.0
7567209.0 0.394762421205 -1.0
7567337.0 1.03381148827 -1.0
7568328.0 0.271180447512 -1.0
7568481.0 2.11043355232 -1.0
7569976.0 0.506068884065 -1.0
7570044.0 4.47761167114 -1.0
7634495.0 -1.0 -1.0
12534508.0 -1.0 -1.0
12535495.0 0.468900638713 -1.0
12536969.0 0.483266933586 -1.0
12537764.0 0.399399050521 -1.0
12538106.0 1.22074984578 -1.0
12539117.0 1.23138485283 -1.0
12539395.0 1.00142075821 -1.0
12539655.0 1.2017770062 -1.0
12539794.0 1.17597098544 -1.0
12540188.0 1.1779596379 -1.0
12540236.0 0.183640410373 -1.0
12540531.0 1.19263231626 -1.0
12540840.0 2.40968457735 -1.0
12541255.0 0.563635607137 -1.0
12541382.0 1.31044516229 -1.0
12541568.0 0.228571187527 -1.0
12552974.0 -1.0 -1.0
12593869.0 -1.0 -1.0
12607724.0 -1.0 -1.0
12642618.0 -1.0 -1.0
12646789.0 -1.0 -1.0
12647025.0 0.542425937812 -1.0
7452261.0 -1.0 -1.0
7452276.0 -1.0 -1.0
7441106.0 -1.0 -1.0
7432054.0 1.70770255448 -1.0
7439563.0 3.01404746767 -1.0
7432351.0 1.88116304418 -1.0
7431645.0 3.29393713526 -1.0
21255855.0 2.64439685232 -1.0
21256643.0 0.395202226812 -1.0
21256772.0 1.56291046899 -1.0
21257112.0 -1.0 -1.0
21257581.0 0.720879558536 -1.0
21260799.0 -1.0 -1.0
21261300.0 1.75592280462 -1.0
21261524.0 0.474498966707 -1.0
21262012.0 2.29898837141 -1.0
21262407.0 0.0979051072409 -1.0
21262419.0 0.109015796401 -1.0
21281444.0 -1.0 -1.0
21281483.0 -1.0 -1.0
21281485.0 -1.0 -1.0
21281832.0 -1.0 -1.0
21285208.0 -1.0 -1.0
21351670.0 -1.0 -1.0
21362654.0 1.08133101853 -1.0
21384221.0 0.736332479415 -1.0
21390258.0 -1.0 -1.0
21403938.0 -1.0 -1.0
21403972.0 0.675669747945 -1.0
21409061.0 -1.0 -1.0
10061348.0 4.80672911489 -1.0
10061469.0 -1.0 -1.0
10063169.0 0.932158188892 -1.0
10064450.0 0.915840078059 -1.0
10064702.0 0.812645105612 -1.0
10064742.0 -1.0 -1.0
10064877.0 2.02530417321 -1.0
10064893.0 1.88116304418 -1.0
10065456.0 0.486116898493 -1.0
10065570.0 1.97871875601 -1.0
10066101.0 2.06376726618 -1.0
10066799.0 2.43396887665 -1.0
10066939.0 -1.0 -1.0
10066966.0 1.4818899049 -1.0
10067217.0 2.16126509459 -1.0
10067631.0 0.772137172783 -1.0
10068469.0 0.636681235207 -1.0
10069034.0 1.30689048251 -1.0
10069102.0 1.428791482 -1.0
10069111.0 4.78454408981 -1.0
10069211.0 1.23783834285 -1.0
10132513.0 -1.0 -1.0
10133286.0 -1.0 -1.0
10157076.0 -1.0 -1.0
64494133.0 -1.0 -1.0
64494192.0 -1.0 -1.0
64494784.0 -1.0 -1.0
64494865.0 -1.0 -1.0
64495787.0 -1.0 0.843361450364
64551014.0 -1.0 -1.0
64553450.0 0.506646243712 -1.0
64554613.0 -1.0 -1.0
64555356.0 -1.0 -1.0
64556061.0 -1.0 -1.0
64556200.0 -1.0 -1.0
64556478.0 -1.0 0.194920639986
64556509.0 -1.0 1.61221412559
64706227.0 -1.0 -1.0
64706335.0 -1.0 -1.0
64711383.0 0.482267447983 -1.0
64712949.0 -1.0 -1.0
64713058.0 -1.0 -1.0
64713126.0 -1.0 -1.0
64713700.0 -1.0 -1.0
64713747.0 -1.0 0.86180645794
64714690.0 -1.0 1.46229335058
64714865.0 -1.0 1.13873610048
64775220.0 -1.0 -1.0
64776019.0 -1.0 -1.0
64777103.0 -1.0 -1.0
64778489.0 0.129556519458 1.12260008177
64779943.0 -1.0 0.606298629644
64780250.0 -1.0 1.84636028112
64780925.0 0.240427101682 -1.0
64781293.0 -1.0 -1.0
64783253.0 0.530547948938 -1.0
64784269.0 -1.0 -1.0
64787966.0 -1.0 -1.0
64788072.0 1.03175029102 -1.0
64789319.0 2.51334783011 -1.0
64789370.0 0.943822712555 -1.0
64789467.0 0.358331417374 -1.0
64789733.0 0.505038620839 -1.0
64789781.0 0.487895397128 -1.0
64789913.0 0.415006444199 -1.0
64789916.0 0.430125158825 -1.0
64790070.0 -1.0 -1.0
64790142.0 -1.0 -1.0
64831413.0 -1.0 -1.0
64868693.0 0.424931101906 -1.0
64869688.0 -1.0 -1.0
64871798.0 0.268517925603 -1.0
64873083.0 0.427523405725 -1.0
64873294.0 -1.0 -1.0
64873684.0 -1.0 0.355984114429
